54
82
84
86
92
93
105
110
112
133
138
147
149
158
163
177
180
185
201
208
214
219
263
291
299
307
314
336
351
358
367
382
385
387
394
395
395
395
414
430
450
466
474
482
495
512
521
522
531
572
579
592
617
622
646
652
657
657
660
666
674
680
695
696
703
706
714
716
720
724
735
753
763
781
794
808
823
826
847
861
862
864
868
879
883
893
907
925
926
929
935
942
947
960
962
968
985
985
996
1000
1012
1014
1024
1026
1029
1032
1032
1033
1033
1050
1060
1080
1083
1096
1100
1142
1149
1159
1171
1173
1175
1188
1194
1195
1195
1220
1233
1240
1270
1285
1294
1305
1310
1321
1322
1328
1329
1348
1354
1368
1382
1382
1385
1396
1414
1415
1419
1422
1426
1427
1429
1435
1447
1448
1455
1456
1469
1471
1505
1525
1561
1573
1585
1595
1610
1617
1628
1646
1658
1680
1688
1693
1696
1706
1710
1715
1737
1759
1771
1772
1780
1807
1822
1837
1851
1853
1868
1869
1871
1876
1887
1896
1901
1938
2026
2037
2038
2040
2044
2049
2050
2054
2057
2060
2065
2069
2072
2078
2078
2092
2129
2144
2180
2201
2211
2216
2220
2230
2235
2238
2240
2258
2273
2282
2294
2296
2302
2304
2308
2313
2314
2323
2332
2341
2347
2348
2352
2358
2368
2385
2386
2395
2420
2439
2450
2456
2465
2465
2470
2493
2499
2501
2507
2517
2518
2523
2524
2544
2561
2574
2577
2580
2640
2675
2691
2731
2734
2746
2759
2763
2773
2776
2781
2782
2794
2834
2834
2845
2871
2890
2910
2944
2954
2955
2957
2978
2979
2983
2987
3010
3010
3036
3043
3045
3052
3053
3057
3059
3080
3082
3084
3086
3101
3131
3141
3143
3148
3159
3187
3192
3197
3208
3209
3215
3229
3232
3258
3261
3263
3270
3283
3288
3302
3305
3318
3342
3345
3349
3361
3364
3398
3400
3404
3427
3432
3434
3440
3454
3476
3488
3492
3499
3510
3515
3547
3571
3580
3582
3589
3597
3609
3612
3613
3616
3617
3619
3623
3639
3643
3644
3645
3669
3675
3682
3685
3688
3703
3712
3715
3722
3723
3738
3779
3790
3793
3802
3820
3830
3844
3850
3855
3866
3869
3876
3884
3905
3909
3917
3920
3953
3975
3978
3990
3998
4000
4009
4034
4046
4046
4058
4063
4070
4075
4075
4076
4107
4119
4129
4132
4137
4144
4169
4173
4193
4200
4203
4203
4230
4233
4251
4260
4269
4283
4307
4345
4367
4368
4372
4377
4384
4392
4399
4399
4402
4410
4415
4426
4430
4431
4432
4481
4487
4496
4561
4572
4580
4583
4586
4591
4612
4613
4614
4615
4617
4619
4627
4639
4644
4645
4670
4672
4712
4718
4756
4769
4778
4778
4781
4783
4794
4798
4805
4818
4821
4823
4848
4855
4858
4859
4863
4865
4871
4880
4897
4898
4900
4919
4924
4929
4961
4962
4973
4976
4978
4980
4986
4989
4989
5004
5043
5044
5045
5046
5057
5069
5075
5081
5095
5100
5103
5105
5121
5133
5149
5160
5180
5181
5181
5191
5207
5210
5214
5231
5231
5268
5271
5273
5285
5292
5295
5323
5357
5363
5373
5378
5395
5396
5397
5400
5400
5419
5456
5508
5542
5574
5575
5591
5596
5604
5611
5625
5636
5641
5668
5713
5725
5728
5742
5745
5759
5766
5771
5782
5786
5786
5802
5813
5818
5823
5824
5830
5836
5846
5848
5852
5858
5860
5872
5877
5877
5878
5910
5910
5920
5925
5935
5941
5951
5951
5953
6025
6026
6031
6056
6062
6063
6066
6078
6081
6087
6089
6096
6097
6107
6113
6114
6120
6128
6133
6145
6145
6147
6173
6192
6199
6212
6241
6254
6258
6261
6269
6284
6321
6322
6327
6341
6342
6348
6368
6407
6416
6420
6421
6421
6436
6439
6447
6450
6456
6456
6461
6463
6480
6492
6501
6525
6526
6535
6541
6541
6545
6547
6573
6597
6597
6603
6614
6632
6640
6641
6650
6661
6664
6690
6696
6702
6728
6742
6746
6773
6786
6803
6803
6811
6814
6819
6820
6821
6822
6833
6835
6835
6838
6844
6851
6852
6875
6884
6884
6898
6901
6910
6917
6930
6973
6982
6985
6987
6990
6995
7004
7044
7044
7053
7057
7069
7074
7076
7078
7098
7109
7137
7159
7165
7173
7175
7180
7183
7185
7188
7210
7216
7217
7266
7281
7289
7291
7302
7310
7315
7319
7323
7330
7333
7370
7372
7374
7380
7382
7407
7408
7412
7426
7442
7451
7481
7481
7485
7486
7489
7502
7505
7509
7551
7552
7565
7566
7574
7583
7596
7614
7620
7626
7633
7638
7651
7654
7691
7696
7699
7721
7727
7730
7747
7758
7777
7789
7812
7836
7838
7843
7844
7851
7871
7877
7877
7882
7893
7897
7908
7921
7922
7924
7933
7949
7950
7955
7960
7963
7979
7985
7996
8006
8017
8021
8031
8035
8037
8055
8074
8085
8088
8103
8113
8156
8158
8175
8202
8208
8212
8213
8219
8232
8238
8238
8243
8244
8251
8252
8261
8289
8316
8334
8343
8380
8393
8393
8403
8404
8404
8411
8436
8439
8442
8452
8459
8472
8483
8491
8509
8524
8542
8560
8562
8564
8569
8588
8592
8596
8608
8626
8633
8633
8643
8653
8669
8682
8684
8686
8687
8688
8689
8698
8715
8715
8722
8732
8741
8747
8748
8755
8777
8833
8836
8836
8851
8854
8857
8857
8858
8879
8884
8890
8893
8894
8898
8901
8910
8911
8914
8915
8922
8937
8940
8946
8948
8961
8963
8982
8999
9002
9015
9035
9068
9077
9087
9097
9103
9122
9138
9152
9163
9166
9188
9201
9214
9218
9229
9232
9240
9245
9252
9252
9259
9262
9270
9272
9273
9273
9289
9312
9316
9328
9336
9351
9353
9355
9356
9357
9365
9371
9377
9387
9388
9415
9423
9425
9426
9433
9434
9434
9443
9443
9464
9474
9474
9483
9487
9521
9522
9544
9545
9558
9558
9572
9574
9577
9581
9593
9620
9623
9652
9681
9694
9700
9705
9707
9716
9722
9723
9748
9759
9769
9784
9792
9793
9821
9843
9850
9851
9874
9877
9877
9887
9899
9906
9907
9908
9912
9921
9925
9950
9976
10007
10013
10026
10029
10030
10033
10033
10048
10050
10055
10078
10093
10094
10136
10140
10149
10168
10168
10173
10180
10187
10198
10199
10212
10218
10226
10275
10296
10303
10309
10322
10324
10341
10342
10363
10373
10378
10401
10409
10417
10444
10445
10457
10458
10461
10494
10507
10509
10511
10512
10534
10536
10553
10559
10564
10565
10567
10575
10612
10613
10618
10626
10627
10633
10637
10644
10645
10652
10668
10682
10685
10708
10718
10730
10789
10795
10806
10810
10814
10821
10838
10844
10847
10857
10876
10901
10913
10918
10922
10924
10932
10940
10943
10954
10968
10988
10992
11002
11021
11037
11042
11061
11073
11082
11094
11097
11098
11105
11131
11136
11136
11145
11202
11202
11205
11218
11218
11239
11250
11253
11255
11257
11269
11275
11303
11305
11316
11325
11331
11340
11343
11352
11353
11354
11354
11358
11358
11372
11388
11393
11401
11407
11412
11438
11449
11460
11463
11478
11501
11523
11533
11535
11537
11538
11543
11546
11548
11552
11556
11566
11589
11599
11612
11613
11620
11621
11623
11632
11633
11643
11655
11664
11665
11673
11682
11712
11717
11721
11726
11735
11735
11742
11770
11775
11776
11780
11783
11797
11800
11804
11811
11830
11839
11856
11882
11885
11897
11898
11906
11907
11917
11927
11945
11980
11989
11999
12049
12075
12114
12117
12122
12132
12141
12142
12157
12194
12233
12237
12256
12264
12278
12288
12294
12300
12310
12314
12317
12319
12320
12334
12373
12380
12381
12387
12420
12428
12452
12455
12463
12481
12483
12491
12495
12502
12519
12530
12531
12544
12554
12559
12573
12578
12586
12592
12598
12602
12604
12626
12637
12656
12670
12672
12674
12674
12735
12748
12753
12761
12793
12794
12804
12816
12824
12841
12850
12854
12857
12862
12865
12876
12878
12903
12926
12942
12953
12954
12962
12969
12972
12984
12991
12991
12993
12994
12997
13023
13044
13048
13079
13081
13082
13093
13105
13107
13110
13110
13128
13131
13152
13152
13155
13158
13161
13168
13174
13178
13178
13180
13200
13213
13218
13219
13221
13224
13243
13249
13259
13282
13283
13290
13293
13294
13296
13301
13307
13309
13312
13329
13337
13350
13386
13423
13436
13457
13462
13469
13484
13484
13485
13498
13499
13501
13504
13540
13555
13570
13574
13607
13619
13650
13651
13652
13657
13668
13678
13700
13733
13753
13762
13770
13776
13792
13798
13799
13815
13830
13848
13861
13866
13877
13913
13923
13923
13927
13927
13928
13936
13957
13959
13968
13970
13974
13979
13981
13995
13997
14006
14008
14010
14016
14057
14110
14110
14123
14140
14147
14151
14161
14162
14167
14170
14195
14206
14222
14222
14223
14231
14241
14246
14252
14255
14265
14284
14311
14320
14327
14335
14338
14353
14356
14385
14416
14430
14441
14442
14446
14505
14514
14516
14521
14524
14553
14557
14565
14588
14602
14606
14610
14622
14641
14643
14656
14683
14685
14699
14708
14730
14736
14764
14765
14773
14790
14795
14798
14800
14801
14804
14806
14811
14819
14830
14849
14862
14863
14901
14907
14917
14920
14921
14923
14927
14945
14959
14974
14990
14995
15002
15019
15043
15065
15076
15096
15113
15116
15125
15131
15164
15164
15167
15172
15186
15191
15203
15214
15220
15229
15242
15252
15258
15262
15282
15290
15300
15309
15314
15335
15337
15343
15346
15354
15355
15362
15376
15378
15388
15400
15413
15426
15434
15445
15446
15457
15480
15495
15503
15507
15510
15514
15517
15526
15529
15544
15548
15556
15566
15573
15608
15630
15632
15644
15647
15667
15678
15681
15682
15692
15693
15707
15716
15725
15726
15730
15730
15731
15790
15799
15810
15821
15837
15843
15845
15848
15851
15860
15898
15899
15911
15923
15929
15932
15971
15982
15987
15994
16000
16008
16010
16013
16018
16054
16058
16102
16104
16104
16105
16118
16120
16131
16171
16177
16180
16195
16205
16206
16227
16236
16238
16240
16242
16246
16251
16283
16292
16294
16312
16316
16328
16337
16345
16355
16356
16368
16377
16377
16383
16393
16403
16409
16420
16427
16428
16434
16440
16444
16469
16470
16475
16488
16497
16501
16521
16521
16531
16535
16543
16545
16554
16556
16572
16583
16601
16619
16630
16633
16633
16643
16644
16656
16678
16686
16687
16692
16715
16723
16725
16735
16743
16774
16784
16798
16802
16803
16803
16804
16822
16828
16853
16859
16859
16862
16864
16864
16875
16882
16894
16899
16900
16907
16914
16923
16925
16933
16941
16951
16955
16959
16963
16971
16978
16987
17012
17015
17036
17037
17046
17057
17088
17092
17114
17128
17143
17147
17181
17202
17214
17226
17235
17240
17249
17270
17288
17300
17300
17302
17311
17313
17328
17335
17353
17369
17380
17384
17393
17393
17398
17400
17411
17425
17426
17437
17440
17440
17441
17448
17461
17466
17475
17476
17481
17488
17495
17511
17531
17533
17538
17539
17546
17552
17555
17573
17577
17586
17591
17597
17611
17617
17639
17652
17660
17664
17673
17685
17691
17691
17698
17706
17719
17721
17727
17730
17731
17732
17737
17742
17744
17769
17778
17791
17849
17856
17863
17870
17873
17876
17880
17889
17901
17903
17907
17930
17945
17972
18005
18008
18031
18045
18050
18064
18066
18068
18070
18076
18094
18097
18099
18116
18124
18135
18138
18144
18164
18177
18179
18180
18182
18190
18212
18214
18216
18219
18225
18258
18264
18267
18277
18290
18291
18295
18301
18349
18364
18366
18384
18386
18422
18430
18437
18448
18453
18466
18473
18477
18485
18487
18489
18506
18509
18526
18565
18569
18571
18572
18586
18591
18612
18627
18642
18654
18655
18665
18678
18687
18694
18718
18721
18746
18758
18765
18773
18776
18782
18791
18804
18807
18823
18840
18844
18851
18852
18852
18859
18900
18905
18919
18924
18947
18952
18953
18976
18979
18980
18980
18982
19007
19013
19025
19028
19045
19054
19059
19059
19088
19097
19109
19113
19124
19128
19157
19162
19175
19183
19189
19195
19199
19199
19201
19206
19212
19231
19248
19265
19265
19275
19278
19278
19294
19306
19307
19314
19325
19330
19337
19344
19350
19363
19368
19384
19390
19399
19400
19422
19423
19424
19433
19452
19461
19468
19474
19510
19525
19527
19553
19559
19568
19582
19591
19608
19621
19625
19628
19636
19641
19656
19668
19672
19683
19686
19711
19743
19748
19757
19765
19766
19783
19785
19787
19788
19793
19814
19828
19833
19878
19878
19890
19907
19916
19922
19927
19931
19952
19959
19964
19964
19965
19966
19970
19971
19973
19983
20012
20018
20022
20030
20036
20049
20057
20061
20079
20097
20097
20099
20101
20128
20129
20158
20159
20179
20186
20197
20206
20218
20239
20242
20244
20297
20303
20322
20325
20336
20340
20347
20357
20364
20383
20388
20421
20449
20464
20478
20505
20522
20525
20532
20533
20540
20547
20553
20567
20571
20588
20617
20690
20696
20697
20703
20722
20734
20746
20768
20772
20777
20778
20784
20800
20801
20822
20822
20822
20824
20840
20862
20900
20907
20909
20915
20941
20941
20944
20948
20971
20972
20991
21041
21044
21069
21074
21098
21098
21143
21158
21158
21163
21168
21175
21183
21195
21207
21210
21240
21256
21262
21299
21303
21325
21364
21367
21369
21374
21381
21405
21408
21409
21432
21433
21468
21479
21482
21490
21512
21519
21526
21553
21626
21639
21669
21682
21688
21689
21702
21721
21732
21744
21746
21747
21748
21756
21759
21774
21794
21794
21796
21807
21809
21829
21841
21846
21850
21852
21872
21892
21899
21905
21915
21919
21921
21938
21953
21967
21979
21988
22015
22018
22032
22042
22052
22071
22083
22090
22094
22099
22121
22148
22195
22203
22224
22235
22235
22237
22243
22277
22282
22300
22306
22332
22333
22344
22367
22369
22390
22391
22397
22409
22410
22430
22447
22456
22476
22501
22508
22514
22528
22532
22538
22554
22559
22567
22573
22594
22597
22616
22634
22639
22658
22663
22687
22687
22689
22690
22693
22697
22704
22712
22714
22720
22728
22746
22756
22772
22789
22793
22796
22800
22809
22810
22822
22832
22841
22842
22846
22862
22898
22917
22918
22927
22940
22942
22949
22962
22966
22969
22985
22998
23001
23002
23008
23031
23066
23079
23085
23085
23088
23099
23124
23129
23130
23140
23144
23185
23193
23195
23202
23213
23221
23228
23246
23264
23264
23293
23305
23322
23347
23350
23371
23375
23382
23393
23393
23409
23415
23428
23434
23434
23460
23484
23496
23507
23509
23509
23531
23536
23549
23568
23574
23579
23587
23607
23626
23654
23690
23714
23718
23718
23720
23729
23735
23760
23807
23836
23838
23858
23860
23869
23870
23879
23896
23909
23928
23931
23935
23955
23959
23996
23997
24004
24010
24017
24020
24033
24036
24045
24052
24067
24069
24074
24081
24083
24088
24088
24095
24101
24103
24117
24134
24141
24161
24164
24174
24175
24186
24231
24236
24250
24263
24263
24267
24279
24279
24288
24294
24308
24320
24330
24336
24342
24343
24347
24357
24370
24385
24385
24387
24403
24415
24435
24444
24451
24460
24464
24469
24475
24490
24519
24521
24525
24528
24535
24536
24539
24546
24569
24572
24589
24590
24593
24596
24648
24650
24662
24667
24692
24694
24699
24713
24715
24722
24727
24734
24737
24739
24742
24746
24759
24764
24781
24790
24810
24840
24848
24848
24849
24849
24858
24862
24863
24870
24874
24876
24892
24893
24909
24916
24921
24925
24936
24941
24983
24987
25011
25028
25036
25039
25053
25060
25061
25068
25076
25078
25127
25128
25149
25152
25158
25161
25175
25181
25189
25191
25194
25197
25202
25206
25230
25233
25240
25241
25247
25250
25256
25263
25274
25284
25301
25301
25328
25341
25343
25353
25368
25400
25424
25431
25449
25462
25466
25474
25504
25511
25532
25541
25551
25556
25559
25577
25583
25587
25588
25593
25601
25614
25616
25622
25624
25633
25674
25674
25694
25694
25698
25712
25722
25731
25769
25792
25814
25820
25822
25824
25825
25825
25827
25829
25839
25848
25869
25876
25877
25882
25891
25934
25936
25953
25962
25967
25969
25970
25978
26009
26010
26011
26029
26032
26035
26038
26039
26044
26047
26053
26064
26077
26088
26096
26102
26107
26114
26141
26165
26181
26183
26198
26203
26213
26218
26219
26238
26260
26283
26311
26327
26345
26369
26386
26393
26400
26435
26435
26447
26461
26462
26470
26476
26477
26485
26490
26498
26501
26504
26507
26518
26527
26536
26537
26542
26566
26584
26584
26586
26592
26592
26599
26606
26607
26640
26644
26650
26659
26664
26670
26681
26698
26699
26710
26718
26731
26735
26739
26745
26746
26756
26757
26759
26770
26771
26772
26787
26788
26796
26803
26808
26821
26827
26828
26831
26845
26855
26870
26873
26882
26882
26891
26891
26891
26898
26899
26915
26924
26926
26945
26965
26989
26991
26994
26996
26997
27012
27015
27020
27021
27032
27034
27043
27045
27074
27076
27080
27081
27084
27091
27101
27119
27120
27139
27143
27152
27168
27182
27185
27188
27202
27225
27237
27263
27270
27273
27277
27287
27290
27292
27293
27301
27310
27320
27322
27326
27334
27336
27346
27348
27358
27375
27384
27391
27407
27455
27461
27463
27463
27485
27487
27489
27490
27493
27493
27503
27505
27510
27516
27529
27534
27556
27566
27575
27576
27584
27585
27592
27592
27597
27604
27618
27639
27643
27657
27659
27668
27685
27696
27704
27706
27708
27714
27716
27716
27716
27726
27737
27744
27753
27765
27768
27770
27773
27777
27806
27817
27831
27841
27848
27850
27855
27860
27866
27868
27873
27874
27885
27893
27896
27910
27919
27935
27936
27943
27945
27946
27970
27972
27974
27980
27991
28009
28037
28038
28058
28067
28075
28090
28091
28094
28112
28126
28126
28148
28155
28163
28175
28214
28218
28222
28239
28239
28245
28245
28287
28296
28306
28320
28327
28329
28332
28345
28347
28354
28361
28361
28410
28431
28437
28437
28446
28454
28456
28458
28463
28465
28474
28486
28489
28492
28502
28505
28512
28512
28514
28517
28524
28540
28541
28566
28567
28582
28587
28596
28609
28637
28637
28637
28649
28654
28658
28667
28692
28698
28700
28706
28717
28717
28723
28726
28735
28753
28754
28755
28763
28785
28812
28859
28881
28883
28890
28905
28916
28917
28924
28932
28948
28991
29008
29010
29017
29025
29025
29039
29039
29040
29056
29064
29069
29074
29090
29095
29115
29115
29149
29167
29188
29189
29193
29205
29207
29208
29226
29233
29239
29246
29291
29293
29312
29312
29318
29319
29319
29325
29353
29356
29359
29372
29400
29418
29419
29443
29446
29448
29459
29461
29465
29473
29480
29491
29508
29511
29513
29515
29518
29527
29539
29557
29565
29570
29596
29604
29635
29638
29643
29671
29689
29704
29705
29708
29714
29723
29724
29728
29737
29750
29776
29785
29786
29792
29828
29833
29839
29845
29870
29875
29877
29883
29884
29885
29891
29904
29913
29917
29924
29951
29956
29967
29969
29976
29991
30007
30028
30029
30045
30046
30058
30065
30071
30088
30088
30109
30110
30111
30113
30113
30116
30119
30156
30156
30182
30189
30197
30200
30207
30230
30233
30237
30249
30257
30257
30267
30268
30271
30273
30273
30286
30290
30293
30299
30319
30333
30336
30337
30339
30360
30372
30379
30381
30383
30399
30402
30405
30409
30435
30443
30444
30451
30463
30470
30477
30477
30478
30486
30498
30501
30518
30535
30543
30554
30554
30564
30584
30586
30593
30597
30597
30613
30627
30631
30634
30665
30697
30708
30714
30725
30729
30751
30785
30787
30804
30827
30837
30844
30868
30877
30883
30910
30916
30918
30918
30947
30951
30952
30953
30968
30982
30984
30998
31019
31025
31028
31029
31064
31084
31087
31110
31113
31114
31149
31151
31159
31161
31170
31181
31188
31208
31209
31214
31227
31233
31242
31246
31260
31261
31277
31288
31301
31302
31302
31305
31306
31309
31315
31317
31322
31324
31325
31325
31326
31329
31340
31348
31351
31364
31369
31370
31386
31394
31430
31430
31452
31455
31470
31471
31473
31480
31505
31511
31524
31524
31531
31546
31564
31584
31597
31621
31625
31631
31636
31637
31639
31641
31642
31645
31661
31672
31678
31679
31698
31710
31710
31717
31719
31732
31759
31764
31766
31768
31774
31784
31785
31788
31814
31819
31820
31830
31830
31847
31852
31865
31878
31879
31881
31886
31901
31908
31924
31925
31949
31957
31957
31959
31959
31964
31974
31974
32008
32031
32042
32060
32069
32069
32106
32118
32128
32140
32144
32145
32163
32171
32186
32215
32228
32240
32253
32255
32266
32270
32272
32273
32291
32314
32315
32327
32363
32369
32380
32396
32405
32471
32483
32492
32499
32503
32514
32517
32527
32563
32573
32581
32588
32594
32601
32603
32606
32636
32641
32670
32685
32687
32700
32700
32713
32714
32717
32718
32719
32728
32742
32756
32759
32761
32766
32777
32794
32800
32824
32848
32862
32914
32918
32918
32929
32955
32962
32968
32971
32996
33014
33029
33030
33035
33041
33043
33052
33063
33105
33112
33115
33120
33124
33130
33130
33132
33139
33141
33192
33192
33203
33206
33221
33233
33243
33243
33244
33248
33262
33262
33280
33280
33293
33294
33309
33324
33326
33340
33340
33345
33362
33396
33404
33412
33427
33430
33431
33434
33435
33437
33444
33444
33445
33449
33452
33454
33457
33475
33530
33538
33540
33545
33565
33566
33592
33606
33608
33615
33635
33642
33646
33647
33694
33695
33697
33701
33702
33703
33726
33728
33731
33738
33749
33752
33763
33782
33789
33799
33801
33814
33827
33839
33843
33858
33864
33875
33889
33911
33915
33918
33918
33920
33920
33934
33936
33943
33944
33955
33965
33971
33972
33976
33979
33984
33991
34006
34020
34062
34067
34070
34073
34085
34107
34131
34134
34135
34155
34168
34174
34186
34209
34232
34243
34281
34293
34296
34311
34318
34325
34335
34358
34359
34405
34408
34408
34427
34439
34449
34451
34462
34476
34483
34485
34491
34491
34499
34506
34524
34537
34540
34572
34583
34597
34610
34638
34639
34641
34645
34646
34655
34659
34664
34688
34688
34718
34726
34747
34750
34756
34787
34803
34809
34844
34849
34851
34867
34880
34882
34889
34916
34942
34946
34951
34958
34969
34973
34981
34992
35001
35005
35015
35017
35026
35031
35039
35043
35052
35052
35053
35066
35066
35068
35068
35110
35111
35128
35128
35134
35135
35152
35157
35160
35170
35176
35207
35219
35221
35252
35260
35286
35288
35300
35303
35305
35309
35347
35352
35370
35392
35403
35403
35409
35411
35421
35426
35435
35438
35444
35454
35455
35459
35469
35470
35494
35514
35517
35540
35555
35573
35574
35575
35582
35605
35629
35633
35640
35650
35661
35662
35678
35690
35692
35734
35759
35761
35769
35770
35797
35841
35857
35864
35876
35879
35889
35894
35897
35912
35927
35938
35939
35941
35951
35962
35994
35997
36002
36009
36020
36022
36029
36060
36067
36089
36094
36097
36098
36100
36103
36112
36117
36121
36121
36122
36128
36148
36151
36159
36179
36185
36207
36209
36212
36220
36221
36223
36228
36229
36233
36243
36248
36263
36283
36283
36299
36301
36332
36337
36345
36362
36367
36398
36404
36411
36412
36419
36502
36504
36520
36520
36524
36533
36551
36560
36567
36571
36592
36599
36607
36616
36627
36630
36651
36653
36669
36674
36675
36697
36703
36712
36723
36724
36735
36748
36749
36749
36754
36759
36806
36813
36828
36839
36852
36855
36856
36862
36866
36871
36881
36883
36926
36933
36940
36947
36948
36950
36953
36962
36978
36978
36986
36996
36997
37002
37024
37025
37046
37062
37067
37082
37083
37084
37090
37114
37118
37129
37146
37153
37215
37227
37244
37256
37261
37262
37274
37281
37284
37294
37313
37326
37335
37351
37353
37358
37397
37402
37408
37411
37421
37422
37437
37469
37471
37482
37492
37514
37532
37541
37571
37579
37580
37589
37600
37606
37617
37622
37634
37645
37646
37650
37658
37690
37694
37698
37701
37713
37716
37723
37727
37728
37728
37728
37739
37741
37748
37749
37765
37771
37772
37781
37784
37793
37810
37812
37814
37816
37828
37855
37856
37875
37876
37876
37881
37883
37890
37901
37902
37902
37911
37917
37922
37939
37945
37988
37989
38004
38015
38019
38035
38061
38083
38084
38117
38128
38132
38134
38149
38151
38174
38176
38183
38198
38230
38235
38243
38245
38250
38255
38256
38258
38260
38263
38277
38325
38336
38345
38347
38354
38357
38359
38376
38384
38385
38387
38392
38401
38415
38418
38423
38432
38437
38442
38457
38500
38504
38530
38532
38549
38569
38603
38607
38625
38632
38638
38645
38660
38661
38666
38672
38687
38700
38716
38747
38758
38758
38759
38761
38763
38785
38788
38800
38802
38812
38821
38830
38845
38860
38862
38884
38892
38894
38898
38901
38906
38936
38953
38956
38969
38980
38983
38993
39004
39018
39024
39025
39034
39039
39040
39046
39046
39050
39056
39061
39064
39068
39074
39081
39084
39092
39093
39097
39112
39116
39152
39156
39167
39172
39177
39180
39191
39192
39199
39221
39241
39249
39263
39265
39265
39265
39270
39270
39271
39272
39277
39311
39316
39326
39338
39351
39368
39370
39382
39397
39399
39402
39413
39416
39417
39445
39461
39465
39467
39468
39482
39486
39489
39496
39510
39516
39519
39525
39528
39538
39543
39550
39566
39567
39571
39580
39596
39598
39611
39625
39629
39639
39645
39657
39664
39673
39677
39683
39695
39696
39701
39739
39739
39740
39749
39760
39766
39768
39774
39778
39786
39821
39823
39841
39876
39881
39886
39888
39913
39927
39934
39942
39947
39959
39966
39971
39989
39990
39991
40011
40021
40031
40034
40042
40066
40071
40102
40102
40109
40112
40136
40152
40170
40172
40185
40190
40199
40211
40213
40213
40216
40226
40245
40246
40250
40262
40268
40275
40288
40289
40295
40297
40316
40317
40324
40352
40369
40377
40399
40414
40425
40440
40444
40486
40489
40510
40518
40523
40530
40546
40574
40575
40580
40590
40602
40608
40635
40642
40654
40685
40686
40707
40721
40722
40728
40736
40743
40756
40767
40785
40788
40807
40821
40826
40830
40834
40854
40868
40870
40876
40883
40897
40901
40904
40909
40918
40926
40933
40941
40951
40951
40961
40963
40967
40967
41022
41031
41041
41042
41049
41059
41060
41067
41096
41101
41101
41113
41117
41124
41133
41136
41136
41142
41143
41154
41157
41157
41168
41170
41185
41191
41211
41229
41239
41247
41252
41252
41253
41284
41291
41303
41310
41314
41325
41328
41355
41355
41359
41384
41395
41424
41428
41436
41442
41458
41464
41471
41488
41490
41495
41529
41540
41543
41545
41547
41568
41572
41572
41573
41580
41584
41590
41591
41600
41609
41626
41627
41630
41636
41662
41667
41681
41682
41684
41688
41722
41723
41732
41740
41749
41754
41756
41758
41763
41765
41767
41780
41780
41782
41812
41812
41815
41824
41825
41838
41846
41858
41873
41894
41898
41901
41904
41908
41920
41931
41951
41966
41967
41971
41976
41978
41994
42006
42019
42046
42054
42076
42087
42097
42119
42120
42147
42151
42155
42158
42179
42204
42223
42234
42237
42249
42255
42259
42278
42279
42285
42288
42303
42306
42326
42329
42331
42333
42350
42350
42357
42365
42369
42398
42408
42409
42410
42436
42445
42445
42451
42468
42475
42484
42491
42502
42517
42521
42543
42575
42586
42626
42640
42647
42649
42653
42656
42657
42660
42670
42700
42715
42719
42720
42754
42763
42770
42791
42795
42805
42827
42830
42838
42866
42872
42878
42881
42883
42885
42887
42896
42896
42915
42928
42929
42933
42937
42940
42943
42952
42958
42959
42965
42973
42983
42984
42984
42984
42987
42994
42999
43008
43011
43017
43026
43031
43056
43068
43103
43128
43137
43150
43165
43167
43176
43180
43186
43186
43187
43201
43232
43239
43239
43243
43259
43259
43261
43263
43270
43276
43291
43296
43297
43301
43312
43333
43345
43352
43359
43373
43374
43375
43380
43392
43394
43394
43395
43397
43398
43399
43413
43414
43443
43444
43447
43493
43562
43563
43566
43579
43604
43609
43612
43614
43627
43630
43638
43640
43645
43647
43653
43668
43708
43747
43752
43759
43783
43793
43803
43820
43835
43836
43847
43870
43879
43887
43896
43904
43906
43910
43920
43922
43925
43930
43934
43940
43941
43946
43954
44044
44046
44070
44086
44098
44110
44132
44163
44208
44209
44210
44225
44243
44251
44259
44281
44291
44291
44295
44323
44333
44348
44350
44352
44353
44366
44375
44381
44404
44408
44415
44424
44430
44433
44435
44440
44441
44442
44455
44470
44473
44481
44484
44488
44501
44501
44506
44508
44518
44519
44520
44521
44529
44530
44537
44543
44547
44566
44568
44571
44573
44593
44604
44633
44662
44666
44683
44691
44694
44702
44709
44780
44782
44801
44821
44857
44864
44873
44894
44900
44906
44922
44946
44954
44956
44957
44968
44977
44983
44986
44997
45007
45010
45015
45016
45020
45024
45041
45056
45066
45069
45076
45089
45096
45113
45114
45115
45124
45131
45138
45143
45151
45155
45166
45186
45197
45201
45202
45204
45208
45212
45239
45255
45262
45277
45293
45298
45303
45310
45315
45329
45330
45341
45349
45349
45353
45367
45382
45395
45414
45420
45427
45459
45459
45486
45496
45500
45503
45527
45527
45528
45534
45554
45589
45605
45607
45618
45628
45632
45640
45660
45667
45684
45694
45713
45718
45719
45731
45736
45743
45765
45772
45778
45795
45799
45848
45867
45873
45874
45876
45898
45902
45913
45916
45928
45946
45969
45971
45973
45978
45980
45995
46005
46005
46011
46025
46051
46053
46053
46070
46081
46087
46094
46095
46098
46101
46103
46104
46109
46145
46153
46168
46191
46196
46212
46237
46249
46254
46259
46286
46310
46310
46312
46329
46332
46333
46334
46336
46345
46368
46371
46381
46385
46393
46393
46404
46407
46426
46430
46436
46438
46440
46465
46470
46472
46476
46476
46481
46506
46508
46510
46526
46533
46536
46538
46549
46557
46589
46606
46622
46625
46647
46652
46661
46688
46688
46689
46708
46724
46737
46737
46746
46749
46750
46755
46757
46773
46806
46808
46809
46837
46844
46845
46856
46866
46885
46911
46914
46918
46928
46949
46955
46956
46961
46968
46975
46983
46992
47004
47005
47006
47007
47072
47075
47080
47087
47137
47183
47185
47185
47200
47206
47219
47219
47231
47247
47249
47257
47260
47274
47276
47290
47291
47311
47312
47329
47330
47340
47378
47385
47396
47417
47422
47431
47439
47449
47456
47459
47461
47462
47472
47483
47484
47487
47491
47497
47506
47521
47532
47542
47549
47556
47579
47581
47600
47605
47629
47642
47646
47651
47678
47695
47702
47712
47712
47726
47732
47736
47740
47747
47749
47755
47784
47811
47829
47835
47839
47877
47888
47904
47909
47918
47918
47928
47953
47964
47966
47985
47985
48002
48011
48054
48059
48063
48066
48073
48074
48083
48083
48104
48105
48115
48119
48151
48165
48170
48190
48206
48216
48223
48227
48248
48254
48256
48267
48277
48284
48298
48300
48315
48330
48335
48356
48358
48359
48359
48360
48372
48379
48394
48396
48398
48401
48415
48418
48461
48471
48474
48524
48526
48529
48543
48544
48556
48564
48577
48578
48592
48596
48602
48613
48627
48631
48633
48635
48640
48640
48693
48696
48704
48713
48715
48739
48741
48750
48757
48770
48773
48779
48795
48795
48805
48812
48822
48833
48839
48842
48845
48847
48849
48850
48855
48867
48873
48874
48875
48880
48888
48892
48893
48898
48900
48906
48906
48906
48907
48955
48958
48961
48966
48978
48984
48992
49000
49019
49045
49051
49070
49075
49076
49077
49080
49092
49115
49123
49123
49150
49154
49155
49187
49190
49194
49203
49211
49215
49216
49228
49230
49237
49251
49258
49261
49263
49273
49277
49287
49295
49307
49318
49333
49340
49340
49347
49353
49397
49399
49401
49422
49423
49423
49443
49447
49448
49449
49451
49480
49496
49498
49499
49518
49533
49540
49548
49566
49581
49583
49593
49601
49603
49613
49618
49620
49626
49630
49646
49651
49656
49660
49671
49672
49680
49684
49688
49688
49694
49706
49709
49720
49722
49723
49726
49732
49736
49747
49750
49751
49752
49752
49757
49763
49788
49790
49791
49815
49817
49820
49820
49833
49841
49844
49851
49880
49886
49887
49888
49896
49901
49909
49910
49933
49948
49948
49952
49963
49971
49975
49978
50000
50012
50014
50016
50021
50024
50035
50038
50057
50062
50065
50068
50070
50076
50082
50093
50094
50096
50107
50112
50120
50137
50145
50158
50162
50162
50166
50170
50172
50186
50193
50208
50221
50221
50231
50261
50265
50268
50274
50289
50292
50303
50305
50312
50316
50320
50331
50340
50377
50379
50401
50408
50440
50444
50451
50470
50477
50478
50496
50498
50499
50508
50535
50541
50545
50548
50550
50563
50563
50567
50572
50597
50605
50616
50633
50634
50641
50648
50650
50653
50662
50664
50678
50704
50705
50714
50724
50726
50764
50774
50780
50788
50799
50812
50817
50823
50823
50835
50838
50861
50864
50867
50871
50890
50916
50926
50926
50928
50935
50946
50955
50957
50964
50974
50976
50992
50995
51018
51019
51025
51029
51030
51057
51059
51064
51065
51073
51089
51094
51106
51113
51120
51121
51121
51135
51138
51146
51159
51163
51174
51175
51221
51253
51257
51259
51265
51284
51293
51295
51298
51299
51314
51317
51343
51349
51390
51395
51402
51404
51408
51427
51431
51433
51434
51439
51476
51479
51482
51501
51501
51504
51505
51506
51541
51548
51550
51566
51581
51590
51593
51604
51609
51616
51624
51631
51647
51678
51687
51708
51724
51728
51733
51738
51742
51750
51752
51756
51774
51797
51807
51824
51841
51848
51850
51882
51897
51898
51921
51928
51931
51933
51939
51939
51945
51945
51956
51971
51977
51982
51986
52000
52004
52020
52029
52029
52086
52088
52090
52091
52104
52116
52117
52172
52237
52266
52269
52279
52304
52334
52347
52350
52369
52377
52400
52401
52404
52406
52424
52459
52462
52463
52477
52481
52517
52531
52538
52620
52622
52625
52638
52655
52665
52685
52685
52698
52705
52706
52715
52748
52749
52752
52768
52785
52792
52798
52820
52823
52831
52833
52834
52839
52845
52873
52883
52887
52891
52899
52906
52936
52968
52980
52981
52987
52987
52990
53012
53013
53017
53021
53041
53047
53067
53069
53082
53101
53111
53129
53176
53180
53225
53234
53269
53278
53281
53290
53309
53370
53392
53411
53419
53420
53423
53423
53425
53426
53428
53429
53432
53445
53445
53462
53466
53469
53470
53503
53511
53540
53547
53566
53597
53621
53626
53633
53634
53638
53670
53670
53676
53687
53691
53696
53707
53723
53724
53728
53745
53748
53763
53764
53775
53781
53791
53801
53810
53818
53824
53829
53837
53856
53868
53868
53888
53897
53910
53919
53927
53935
53940
53942
53945
53952
53955
53956
53962
53971
53971
53971
53979
53994
54025
54026
54031
54050
54051
54053
54059
54061
54068
54070
54075
54095
54112
54115
54140
54148
54154
54156
54163
54167
54167
54185
54195
54209
54218
54221
54228
54234
54258
54258
54312
54334
54343
54346
54355
54356
54368
54372
54375
54386
54395
54397
54401
54403
54404
54422
54424
54432
54438
54447
54454
54471
54485
54492
54501
54506
54529
54554
54571
54572
54572
54579
54595
54609
54620
54629
54648
54650
54689
54715
54718
54727
54732
54740
54756
54765
54765
54777
54780
54781
54782
54812
54816
54822
54827
54841
54864
54866
54870
54882
54887
54897
54900
54914
54931
54943
54945
54951
54955
54964
54972
54973
54978
54988
55047
55048
55049
55064
55066
55066
55069
55079
55084
55136
55186
55194
55226
55241
55266
55267
55272
55277
55277
55308
55320
55320
55331
55344
55350
55353
55364
55379
55387
55389
55393
55397
55401
55403
55407
55413
55417
55417
55421
55431
55475
55483
55491
55501
55502
55513
55561
55563
55568
55580
55582
55583
55588
55619
55622
55636
55639
55662
55677
55682
55695
55719
55721
55729
55740
55752
55759
55759
55762
55768
55784
55807
55810
55815
55827
55831
55835
55835
55840
55843
55848
55853
55856
55872
55887
55911
55911
55938
55943
55976
55982
55985
55987
55988
55990
55990
56007
56034
56040
56057
56061
56062
56094
56114
56126
56126
56134
56150
56163
56167
56170
56174
56182
56187
56244
56245
56259
56259
56269
56269
56287
56290
56296
56298
56298
56343
56347
56360
56370
56384
56390
56396
56403
56404
56452
56454
56455
56458
56477
56486
56492
56494
56502
56503
56504
56505
56517
56518
56550
56559
56575
56586
56593
56597
56653
56658
56661
56662
56663
56675
56676
56678
56682
56688
56689
56694
56704
56711
56715
56773
56782
56784
56789
56820
56841
56842
56884
56889
56918
56922
56932
56934
56944
56945
56946
56947
56950
56962
56965
56979
56983
56989
57000
57002
57010
57032
57035
57058
57061
57061
57078
57115
57117
57148
57152
57165
57185
57193
57220
57220
57222
57225
57245
57273
57292
57319
57319
57320
57323
57325
57336
57363
57383
57389
57415
57422
57431
57431
57447
57455
57457
57464
57498
57505
57522
57529
57540
57547
57550
57554
57555
57563
57567
57568
57582
57605
57616
57620
57631
57645
57651
57664
57695
57701
57707
57707
57714
57730
57752
57762
57776
57784
57792
57806
57820
57824
57824
57836
57847
57863
57877
57882
57900
57912
57914
57920
57925
57928
57933
57937
57949
57951
57961
57976
57994
58001
58005
58007
58013
58032
58057
58062
58079
58087
58087
58106
58109
58110
58130
58135
58140
58150
58157
58166
58176
58196
58201
58236
58241
58262
58265
58267
58285
58312
58329
58329
58332
58339
58343
58361
58361
58368
58368
58371
58374
58377
58381
58406
58424
58433
58443
58445
58461
58471
58489
58490
58501
58505
58514
58536
58543
58545
58551
58563
58567
58570
58590
58592
58598
58605
58614
58640
58653
58659
58665
58666
58671
58677
58677
58678
58679
58681
58683
58690
58700
58712
58728
58729
58744
58751
58760
58770
58793
58806
58808
58817
58827
58838
58841
58844
58856
58857
58868
58869
58875
58880
58883
58907
58922
58927
58952
58964
58980
58990
58998
59007
59020
59022
59027
59040
59043
59049
59053
59057
59059
59088
59091
59100
59113
59132
59135
59141
59149
59153
59172
59199
59216
59233
59233
59258
59263
59267
59278
59305
59310
59311
59316
59348
59356
59361
59398
59449
59454
59455
59484
59484
59486
59489
59507
59520
59534
59535
59546
59549
59567
59575
59576
59583
59589
59592
59614
59624
59626
59627
59634
59635
59635
59677
59678
59692
59700
59704
59709
59710
59716
59721
59721
59739
59743
59746
59752
59764
59779
59787
59791
59793
59794
59802
59824
59833
59884
59885
59959
59967
59978
59986
59993
60035
60044
60055
60061
60064
60085
60086
60100
60138
60150
60154
60190
60193
60210
60211
60219
60222
60229
60241
60248
60250
60254
60261
60283
60288
60294
60308
60319
60322
60344
60350
60419
60425
60438
60451
60474
60475
60478
60487
60490
60534
60548
60551
60556
60558
60562
60567
60567
60577
60590
60592
60609
60616
60622
60625
60628
60638
60650
60658
60672
60676
60679
60694
60696
60697
60705
60708
60712
60725
60726
60726
60737
60761
60761
60770
60776
60794
60798
60805
60808
60811
60821
60822
60826
60855
60856
60862
60866
60913
60915
60938
60940
60949
60958
60967
60971
60976
60991
60997
60999
61000
61010
61022
61023
61035
61050
61054
61056
61074
61077
61088
61098
61100
61104
61112
61116
61130
61134
61140
61141
61177
61181
61191
61203
61217
61235
61238
61240
61244
61267
61269
61275
61278
61279
61280
61293
61306
61319
61325
61336
61338
61342
61347
61378
61380
61380
61383
61392
61397
61401
61406
61417
61419
61425
61429
61454
61471
61486
61498
61507
61517
61520
61555
61557
61567
61579
61584
61590
61594
61596
61606
61617
61642
61655
61661
61669
61681
61682
61682
61695
61706
61709
61722
61735
61746
61753
61755
61756
61761
61763
61789
61790
61790
61796
61808
61822
61838
61852
61862
61898
61911
61928
61930
61943
61960
61968
61969
61974
61978
61987
61998
61999
62002
62037
62037
62045
62054
62056
62066
62074
62077
62092
62114
62128
62156
62166
62171
62181
62209
62209
62243
62245
62270
62274
62286
62289
62291
62293
62312
62329
62338
62351
62362
62365
62371
62383
62396
62407
62411
62430
62430
62433
62437
62438
62441
62442
62446
62465
62483
62483
62492
62505
62515
62517
62522
62522
62534
62547
62550
62564
62576
62596
62601
62602
62608
62610
62614
62637
62642
62653
62659
62672
62698
62708
62717
62723
62733
62737
62749
62754
62762
62778
62784
62799
62801
62804
62810
62817
62833
62840
62863
62867
62875
62879
62883
62904
62912
62912
62914
62936
62947
62952
62962
62974
62976
62978
62981
63001
63048
63051
63052
63059
63065
63065
63067
63070
63082
63090
63100
63103
63106
63122
63126
63131
63134
63141
63144
63151
63155
63156
63160
63163
63176
63177
63179
63185
63195
63195
63224
63234
63257
63261
63264
63280
63290
63339
63344
63344
63344
63354
63356
63374
63416
63423
63423
63434
63457
63475
63486
63489
63504
63507
63510
63516
63526
63538
63541
63544
63546
63550
63551
63552
63554
63554
63564
63590
63592
63596
63603
63617
63619
63628
63661
63678
63723
63729
63750
63754
63758
63765
63781
63797
63797
63806
63811
63812
63821
63821
63832
63834
63838
63842
63863
63863
63870
63876
63889
63910
63929
63934
63942
63958
63961
63993
64011
64012
64013
64018
64019
64021
64032
64038
64040
64056
64061
64065
64072
64074
64081
64082
64088
64097
64102
64104
64114
64116
64130
64135
64138
64141
64142
64149
64159
64160
64163
64184
64185
64188
64191
64223
64231
64232
64247
64253
64263
64267
64276
64280
64286
64291
64295
64351
64367
64371
64373
64374
64378
64378
64391
64395
64399
64402
64408
64418
64444
64463
64473
64474
64479
64485
64495
64518
64522
64522
64523
64527
64565
64573
64579
64580
64591
64603
64608
64612
64630
64636
64648
64658
64664
64664
64715
64724
64726
64729
64738
64739
64743
64755
64757
64758
64760
64770
64775
64776
64791
64792
64795
64806
64814
64830
64831
64833
64835
64840
64887
64900
64921
64922
64929
64935
64959
64980
64987
64992
64995
65001
65011
65028
65041
65047
65050
65061
65063
65068
65074
65075
65090
65090
65117
65117
65133
65135
65150
65152
65154
65163
65189
65192
65200
65212
65217
65241
65252
65267
65322
65323
65324
65331
65336
65344
65347
65349
65356
65371
65388
65394
65407
65421
65424
65445
65445
65478
65491
65506
65519
65529
65539
65540
65542
65543
65568
65584
65589
65612
65623
65633
65637
65637
65641
65646
65664
65665
65674
65680
65686
65686
65707
65715
65728
65730
65730
65744
65759
65786
65793
65793
65796
65808
65818
65835
65841
65848
65858
65861
65876
65885
65897
65900
65916
65918
65943
65956
65957
65960
65964
65966
65974
65977
65996
66010
66027
66043
66053
66064
66067
66068
66075
66109
66111
66116
66145
66145
66154
66173
66178
66178
66180
66187
66204
66207
66208
66226
66229
66240
66246
66248
66253
66254
66259
66268
66281
66288
66289
66310
66317
66337
66345
66349
66350
66375
66419
66426
66435
66452
66453
66478
66504
66539
66544
66548
66551
66574
66588
66591
66612
66633
66642
66642
66645
66648
66659
66663
66685
66697
66703
66711
66715
66716
66720
66736
66754
66755
66768
66789
66796
66797
66808
66851
66863
66866
66867
66890
66905
66917
66924
66933
66953
66960
66965
66974
66980
66992
67001
67011
67018
67033
67065
67076
67085
67099
67104
67112
67119
67131
67137
67137
67150
67199
67209
67221
67232
67242
67243
67253
67276
67277
67278
67279
67280
67281
67285
67285
67297
67299
67300
67302
67302
67304
67304
67305
67310
67316
67318
67330
67361
67365
67393
67398
67401
67401
67411
67427
67440
67452
67461
67492
67501
67516
67517
67523
67526
67537
67543
67544
67556
67556
67580
67587
67587
67594
67606
67610
67620
67623
67625
67647
67647
67650
67654
67661
67679
67692
67696
67697
67707
67712
67740
67756
67765
67765
67779
67810
67816
67818
67826
67827
67829
67830
67838
67856
67857
67860
67879
67884
67917
67927
67940
67943
67944
67966
67967
67973
67988
68000
68011
68024
68057
68066
68066
68072
68072
68087
68095
68106
68126
68128
68136
68137
68141
68146
68150
68158
68162
68169
68174
68184
68190
68191
68204
68223
68241
68247
68251
68253
68286
68288
68291
68308
68319
68372
68378
68381
68403
68424
68429
68433
68445
68464
68470
68478
68492
68496
68501
68509
68550
68552
68558
68567
68572
68581
68587
68610
68641
68645
68650
68660
68681
68714
68725
68737
68754
68767
68771
68782
68794
68806
68809
68835
68846
68847
68852
68880
68907
68907
68915
68922
68925
68933
68933
68946
68954
68957
68978
68997
69000
69002
69030
69039
69044
69054
69056
69056
69056
69078
69088
69106
69106
69109
69112
69121
69185
69188
69190
69199
69199
69199
69208
69211
69215
69230
69243
69265
69285
69286
69302
69317
69341
69353
69359
69360
69397
69435
69450
69454
69487
69487
69503
69517
69547
69548
69552
69566
69567
69570
69593
69594
69600
69631
69640
69670
69673
69678
69684
69694
69734
69740
69740
69745
69777
69778
69785
69804
69815
69825
69830
69881
69887
69887
69933
69941
69963
69966
69978
69980
70010
70012
70038
70043
70061
70067
70085
70086
70105
70107
70120
70126
70130
70131
70139
70147
70156
70161
70167
70183
70186
70190
70200
70203
70215
70217
70231
70237
70272
70284
70315
70331
70342
70345
70345
70351
70358
70400
70408
70420
70425
70426
70426
70448
70450
70451
70480
70484
70487
70489
70496
70497
70506
70514
70547
70549
70567
70572
70580
70581
70597
70610
70617
70617
70624
70626
70664
70680
70688
70693
70714
70718
70722
70729
70746
70787
70787
70792
70803
70809
70835
70836
70836
70837
70857
70899
70910
70912
70916
70930
70934
70939
70947
70947
70952
70961
70969
70969
70980
70988
70994
70997
70999
71024
71032
71038
71051
71051
71058
71076
71091
71099
71101
71130
71141
71186
71208
71217
71231
71235
71240
71248
71256
71280
71284
71288
71291
71302
71306
71316
71338
71346
71366
71379
71379
71402
71404
71411
71455
71465
71487
71499
71501
71534
71534
71554
71556
71566
71568
71573
71592
71594
71594
71611
71618
71632
71635
71641
71645
71656
71669
71683
71691
71705
71734
71752
71763
71770
71775
71782
71785
71787
71793
71799
71829
71833
71847
71849
71879
71882
71888
71895
71898
71907
71915
71922
71928
71932
71948
71980
71997
72009
72019
72027
72050
72051
72053
72056
72079
72093
72094
72103
72108
72111
72130
72146
72177
72181
72191
72195
72198
72206
72238
72243
72258
72269
72280
72281
72286
72297
72303
72310
72311
72349
72350
72357
72361
72370
72390
72394
72414
72426
72454
72462
72470
72493
72524
72531
72567
72570
72581
72588
72590
72593
72610
72619
72620
72632
72645
72647
72649
72696
72710
72724
72737
72740
72744
72744
72762
72787
72792
72795
72800
72806
72811
72812
72812
72813
72814
72835
72844
72850
72870
72873
72877
72895
72905
72914
72928
72946
72947
72949
72953
72967
72970
72971
73006
73071
73072
73072
73078
73088
73098
73102
73109
73110
73114
73122
73125
73133
73134
73147
73149
73195
73202
73213
73239
73247
73274
73305
73310
73317
73323
73339
73345
73349
73372
73382
73391
73392
73401
73401
73412
73415
73436
73445
73460
73491
73492
73493
73524
73527
73532
73533
73546
73577
73588
73591
73591
73597
73626
73634
73635
73637
73639
73674
73686
73688
73694
73697
73711
73712
73733
73736
73741
73755
73759
73766
73769
73797
73806
73812
73819
73838
73840
73847
73851
73860
73896
73900
73921
73943
73962
73966
73968
73986
73991
73994
74001
74002
74006
74007
74017
74027
74033
74037
74042
74045
74049
74052
74121
74123
74125
74137
74147
74151
74171
74189
74218
74253
74284
74287
74291
74307
74323
74333
74347
74356
74358
74375
74393
74403
74419
74458
74462
74465
74465
74470
74472
74512
74563
74564
74581
74593
74603
74606
74620
74641
74641
74646
74659
74660
74667
74675
74710
74713
74713
74744
74752
74753
74759
74781
74811
74816
74825
74836
74844
74845
74861
74880
74884
74890
74890
74891
74917
74934
74942
74957
74974
74979
74986
74991
74993
75018
75045
75047
75054
75064
75065
75072
75079
75095
75098
75109
75118
75126
75126
75128
75141
75144
75168
75188
75189
75205
75209
75214
75228
75255
75291
75297
75304
75305
75308
75320
75327
75335
75336
75338
75344
75355
75370
75379
75383
75399
75404
75416
75427
75434
75439
75446
75447
75450
75462
75471
75475
75476
75486
75490
75496
75496
75510
75512
75513
75513
75518
75527
75547
75549
75549
75564
75564
75581
75597
75601
75609
75615
75623
75624
75629
75638
75649
75653
75669
75680
75686
75700
75736
75758
75762
75772
75775
75779
75791
75795
75796
75796
75798
75804
75808
75826
75843
75859
75862
75874
75875
75887
75889
75908
75915
75934
75938
75951
75970
75983
75985
75992
76008
76019
76032
76033
76041
76049
76052
76054
76058
76058
76064
76091
76099
76107
76112
76113
76117
76127
76147
76150
76163
76167
76183
76191
76271
76289
76306
76308
76324
76339
76345
76378
76385
76395
76417
76419
76421
76435
76440
76443
76464
76465
76468
76494
76509
76513
76540
76544
76554
76564
76565
76568
76583
76590
76602
76604
76607
76617
76618
76620
76620
76654
76663
76688
76689
76698
76702
76727
76733
76734
76737
76754
76767
76789
76790
76810
76822
76838
76856
76872
76873
76897
76902
76906
76912
76915
76920
76922
76924
76934
76937
76962
76981
76982
77009
77011
77022
77031
77032
77047
77049
77050
77054
77081
77093
77114
77118
77119
77120
77156
77169
77192
77193
77202
77206
77211
77219
77225
77226
77235
77243
77261
77261
77277
77285
77289
77291
77336
77360
77372
77377
77378
77410
77445
77463
77467
77482
77502
77510
77512
77516
77525
77540
77544
77575
77584
77585
77589
77602
77609
77610
77652
77664
77679
77684
77692
77701
77706
77707
77710
77728
77735
77747
77748
77762
77763
77793
77806
77831
77833
77834
77836
77848
77865
77879
77882
77892
77894
77904
77917
77931
77935
77939
77943
77954
77976
77982
77985
78011
78013
78020
78057
78058
78058
78062
78065
78081
78085
78099
78104
78107
78110
78160
78164
78173
78183
78183
78185
78189
78196
78206
78209
78216
78259
78274
78274
78286
78295
78301
78304
78306
78307
78320
78326
78379
78387
78393
78476
78479
78484
78497
78500
78537
78552
78563
78568
78600
78652
78665
78666
78675
78675
78676
78700
78702
78706
78711
78711
78717
78739
78739
78745
78754
78765
78780
78791
78793
78818
78825
78825
78853
78859
78864
78864
78877
78880
78905
78910
78916
78916
78921
78923
78928
78932
78932
78936
78938
78952
78956
78958
78988
79004
79015
79037
79045
79049
79052
79064
79064
79075
79088
79104
79122
79126
79135
79150
79164
79166
79167
79169
79172
79173
79179
79179
79184
79184
79187
79187
79190
79201
79216
79228
79229
79242
79250
79261
79273
79273
79281
79292
79304
79305
79309
79311
79318
79329
79338
79344
79350
79361
79363
79380
79413
79427
79427
79441
79443
79459
79485
79538
79553
79555
79556
79586
79593
79599
79602
79622
79636
79641
79661
79690
79705
79720
79733
79735
79735
79758
79771
79785
79822
79822
79833
79841
79841
79846
79860
79906
79915
79920
79926
79943
79955
79959
79960
79964
79979
79982
79996
80010
80018
80031
80052
80056
80068
80073
80077
80082
80092
80098
80102
80132
80159
80181
80200
80203
80216
80222
80240
80249
80281
80308
80321
80328
80333
80339
80358
80392
80401
80410
80448
80449
80455
80473
80518
80523
80538
80549
80555
80559
80560
80563
80569
80578
80589
80595
80600
80602
80602
80614
80620
80624
80632
80638
80649
80653
80661
80689
80715
80725
80741
80745
80761
80770
80784
80793
80802
80808
80814
80821
80827
80830
80847
80855
80860
80893
80915
80926
80932
80941
80947
80950
80952
80959
80964
80977
80978
80983
80984
80984
80991
80996
80997
81002
81002
81012
81012
81024
81039
81059
81071
81079
81080
81095
81105
81106
81107
81109
81113
81129
81132
81133
81149
81167
81185
81190
81200
81227
81233
81254
81288
81310
81318
81325
81340
81374
81376
81380
81390
81392
81396
81404
81414
81419
81430
81434
81435
81442
81446
81450
81452
81456
81499
81516
81517
81519
81519
81524
81532
81533
81544
81548
81565
81590
81613
81613
81628
81641
81654
81660
81664
81667
81680
81686
81725
81730
81748
81757
81763
81773
81789
81804
81809
81811
81825
81825
81840
81840
81841
81852
81867
81878
81882
81893
81896
81919
81924
81947
81975
81985
81993
81993
82012
82028
82058
82070
82071
82073
82108
82120
82129
82131
82139
82150
82163
82164
82184
82188
82192
82212
82215
82228
82234
82247
82266
82269
82272
82274
82284
82294
82299
82300
82322
82323
82329
82333
82342
82350
82356
82360
82385
82389
82406
82422
82424
82434
82436
82445
82464
82473
82474
82482
82485
82489
82497
82503
82523
82540
82587
82593
82601
82604
82615
82616
82629
82632
82633
82633
82671
82671
82689
82707
82708
82717
82724
82729
82732
82789
82801
82805
82814
82823
82842
82849
82863
82871
82874
82893
82899
82908
82921
82923
82930
82944
82948
82949
82951
82956
82969
82988
82994
83011
83016
83018
83027
83044
83054
83071
83079
83110
83115
83116
83118
83119
83126
83130
83144
83145
83150
83153
83165
83168
83170
83176
83182
83213
83213
83216
83238
83240
83244
83247
83254
83268
83290
83328
83328
83333
83343
83369
83381
83382
83382
83390
83401
83403
83404
83407
83411
83428
83453
83465
83469
83470
83489
83490
83509
83519
83534
83536
83549
83552
83565
83571
83597
83599
83606
83617
83649
83669
83689
83719
83724
83730
83747
83749
83754
83760
83765
83771
83774
83784
83791
83795
83818
83826
83834
83843
83851
83858
83861
83864
83871
83881
83882
83882
83901
83925
83957
83958
83984
83992
83993
83994
84011
84024
84029
84032
84052
84080
84084
84104
84110
84137
84138
84139
84145
84147
84155
84156
84172
84180
84197
84206
84208
84210
84215
84224
84225
84230
84231
84236
84244
84249
84251
84265
84289
84296
84297
84303
84313
84317
84320
84333
84345
84350
84354
84368
84369
84384
84388
84392
84403
84403
84422
84440
84443
84444
84453
84454
84460
84463
84471
84482
84487
84503
84504
84516
84520
84554
84555
84570
84574
84578
84587
84606
84609
84614
84633
84635
84640
84641
84651
84652
84674
84681
84682
84699
84707
84714
84719
84720
84739
84745
84766
84770
84777
84782
84796
84836
84846
84858
84873
84895
84906
84908
84947
84952
84955
84967
84970
84995
85004
85016
85036
85037
85040
85042
85086
85088
85094
85103
85111
85113
85118
85141
85152
85164
85168
85174
85211
85216
85216
85230
85237
85244
85251
85253
85259
85268
85279
85279
85289
85333
85339
85350
85352
85381
85402
85404
85408
85421
85428
85432
85444
85452
85462
85463
85470
85470
85472
85480
85487
85493
85495
85501
85521
85523
85533
85537
85558
85609
85617
85631
85633
85634
85646
85656
85669
85670
85721
85726
85739
85762
85777
85802
85802
85824
85828
85830
85863
85864
85866
85869
85881
85899
85903
85910
85920
85939
85939
85952
85954
85960
85986
85991
85993
86002
86015
86041
86047
86051
86060
86073
86077
86077
86078
86081
86091
86152
86158
86164
86172
86177
86178
86190
86213
86219
86224
86255
86260
86262
86273
86293
86299
86308
86312
86338
86343
86353
86378
86381
86385
86386
86423
86427
86432
86434
86440
86452
86466
86484
86484
86488
86493
86495
86496
86511
86515
86518
86526
86530
86542
86558
86566
86566
86589
86590
86599
86611
86613
86697
86716
86764
86764
86780
86784
86794
86796
86796
86800
86801
86805
86809
86830
86837
86840
86841
86850
86865
86874
86878
86879
86887
86889
86890
86930
86933
86955
86977
86979
86985
86988
87001
87016
87020
87031
87036
87038
87052
87055
87057
87071
87081
87084
87088
87095
87101
87107
87113
87119
87123
87125
87151
87177
87199
87211
87224
87238
87259
87263
87268
87269
87272
87275
87278
87298
87316
87331
87340
87341
87343
87356
87357
87358
87366
87371
87379
87393
87422
87443
87452
87453
87454
87478
87491
87499
87514
87520
87527
87537
87539
87548
87553
87556
87565
87571
87587
87604
87609
87633
87653
87671
87671
87690
87694
87703
87707
87711
87768
87786
87804
87827
87833
87840
87852
87860
87863
87870
87873
87879
87885
87886
87901
87915
87942
87946
87969
87975
87979
88018
88022
88039
88052
88059
88066
88072
88075
88084
88085
88096
88098
88117
88145
88166
88176
88190
88200
88227
88228
88228
88236
88253
88260
88260
88268
88270
88281
88309
88323
88330
88331
88332
88339
88354
88363
88368
88398
88411
88418
88420
88468
88476
88477
88489
88498
88513
88515
88528
88539
88543
88544
88560
88566
88598
88606
88608
88656
88658
88668
88690
88718
88732
88749
88754
88767
88770
88784
88800
88808
88813
88828
88839
88849
88854
88892
88895
88908
88918
88925
88927
88936
88947
88964
88968
88981
89019
89029
89036
89041
89042
89048
89056
89089
89101
89105
89111
89111
89112
89113
89120
89128
89138
89163
89217
89220
89229
89240
89251
89252
89260
89263
89272
89280
89289
89338
89352
89377
89393
89403
89431
89448
89451
89451
89457
89457
89464
89466
89469
89470
89486
89487
89532
89535
89539
89545
89549
89586
89603
89604
89627
89632
89641
89646
89653
89662
89664
89669
89673
89675
89676
89686
89688
89715
89737
89747
89780
89786
89788
89805
89821
89835
89836
89838
89848
89851
89855
89864
89868
89891
89917
89948
89950
89961
89964
89966
89968
89986
89987
89989
90044
90044
90078
90085
90109
90112
90121
90122
90132
90145
90154
90160
90165
90168
90185
90199
90225
90227
90259
90274
90278
90298
90326
90328
90332
90345
90346
90350
90368
90369
90372
90374
90375
90378
90399
90401
90411
90425
90430
90438
90439
90443
90454
90457
90473
90477
90492
90493
90496
90517
90526
90531
90537
90558
90558
90578
90583
90589
90613
90622
90634
90634
90634
90637
90638
90648
90648
90658
90665
90683
90687
90696
90704
90722
90732
90746
90771
90780
90781
90792
90793
90805
90832
90838
90846
90861
90871
90879
90891
90925
90938
90972
90975
90978
90982
90985
91004
91005
91012
91025
91035
91051
91063
91071
91080
91082
91092
91097
91099
91117
91138
91143
91158
91163
91172
91194
91208
91217
91237
91251
91266
91267
91278
91282
91308
91311
91317
91334
91334
91344
91355
91374
91387
91395
91399
91423
91427
91459
91461
91467
91471
91498
91517
91527
91540
91571
91579
91602
91620
91629
91635
91642
91643
91644
91661
91668
91678
91683
91687
91689
91707
91724
91747
91758
91760
91773
91778
91823
91830
91886
91893
91901
91913
91915
91947
91948
91951
91952
91965
91969
91972
91976
91989
91996
91998
92006
92028
92041
92041
92044
92063
92065
92068
92075
92092
92092
92095
92095
92100
92107
92107
92107
92113
92150
92164
92177
92193
92198
92220
92229
92244
92255
92257
92291
92305
92316
92319
92319
92320
92321
92352
92356
92362
92395
92408
92418
92421
92427
92448
92454
92488
92506
92513
92523
92543
92547
92561
92648
92649
92650
92662
92663
92671
92687
92692
92697
92702
92706
92708
92711
92719
92723
92724
92729
92730
92738
92750
92765
92777
92784
92785
92786
92808
92816
92825
92829
92834
92843
92849
92861
92872
92886
92893
92899
92905
92906
92906
92914
92915
92918
92924
92926
92926
92929
92940
92941
92945
92954
92964
92966
92970
92970
92973
93016
93020
93032
93059
93064
93066
93106
93106
93107
93119
93127
93131
93148
93159
93180
93192
93198
93211
93215
93221
93225
93231
93238
93246
93249
93256
93266
93282
93292
93299
93300
93326
93330
93331
93361
93383
93405
93407
93421
93425
93428
93429
93453
93457
93467
93484
93490
93503
93506
93509
93515
93571
93573
93600
93604
93604
93605
93656
93657
93669
93706
93716
93724
93734
93756
93773
93775
93782
93795
93805
93809
93818
93823
93826
93846
93877
93879
93888
93902
93945
93947
93949
93950
93952
93957
93970
93991
93991
94012
94014
94017
94021
94035
94047
94053
94059
94060
94067
94072
94085
94103
94108
94133
94142
94174
94196
94203
94214
94219
94228
94234
94243
94269
94281
94307
94309
94316
94318
94335
94344
94349
94353
94375
94380
94381
94387
94392
94413
94414
94426
94443
94446
94472
94475
94489
94494
94501
94503
94503
94505
94521
94522
94525
94537
94539
94554
94567
94572
94597
94603
94612
94614
94625
94645
94648
94658
94661
94663
94669
94698
94702
94745
94747
94758
94768
94769
94772
94792
94823
94829
94842
94856
94862
94867
94870
94878
94902
94905
94906
94906
94908
94911
94916
94921
94924
94932
94934
94946
94963
94967
95010
95019
95021
95040
95046
95050
95062
95064
95087
95091
95112
95137
95140
95142
95146
95149
95152
95162
95213
95231
95232
95253
95268
95270
95284
95284
95303
95317
95319
95339
95339
95340
95362
95384
95396
95401
95403
95404
95405
95422
95425
95427
95447
95456
95489
95492
95495
95513
95514
95525
95526
95531
95535
95543
95564
95582
95582
95669
95670
95680
95700
95707
95708
95717
95727
95735
95743
95744
95745
95745
95773
95773
95813
95819
95822
95826
95830
95831
95831
95836
95838
95863
95865
95866
95882
95896
95910
95910
95918
95919
95922
95927
95935
95935
95942
95960
95962
95967
95993
96006
96010
96013
96024
96029
96035
96037
96037
96050
96050
96062
96076
96083
96085
96098
96110
96139
96142
96168
96188
96191
96192
96196
96203
96210
96221
96229
96254
96257
96285
96292
96295
96317
96328
96329
96331
96331
96332
96362
96372
96388
96400
96421
96426
96430
96454
96480
96495
96506
96515
96517
96518
96519
96526
96551
96553
96555
96556
96567
96574
96585
96639
96640
96642
96642
96646
96646
96676
96683
96686
96691
96699
96704
96705
96705
96705
96707
96709
96717
96724
96739
96745
96750
96752
96772
96782
96807
96827
96831
96868
96875
96881
96888
96909
96917
96919
96923
96931
96935
96937
96965
96984
96988
97016
97048
97051
97077
97082
97088
97091
97116
97131
97162
97170
97193
97195
97202
97205
97207
97207
97248
97273
97275
97276
97307
97316
97323
97325
97333
97337
97382
97416
97431
97437
97438
97450
97463
97467
97476
97487
97490
97521
97534
97559
97564
97570
97574
97576
97594
97596
97611
97617
97636
97647
97654
97655
97661
97664
97678
97682
97692
97697
97717
97722
97724
97746
97750
97752
97757
97759
97764
97764
97766
97772
97791
97795
97796
97798
97802
97814
97814
97850
97864
97872
97889
97899
97904
97924
97935
97942
97942
97945
97947
97956
97959
97979
97987
97999
98011
98017
98024
98030
98043
98084
98105
98121
98124
98130
98136
98138
98148
98161
98171
98179
98186
98186
98187
98224
98224
98227
98228
98231
98238
98257
98257
98280
98285
98285
98313
98313
98320
98323
98355
98362
98365
98380
98381
98383
98385
98401
98424
98434
98436
98444
98452
98456
98459
98465
98489
98491
98506
98511
98512
98520
98540
98551
98558
98579
98585
98585
98586
98595
98606
98622
98625
98630
98632
98634
98653
98699
98721
98746
98747
98784
98794
98795
98802
98810
98812
98814
98847
98862
98864
98870
98874
98888
98900
98901
98913
98917
98922
98930
98938
98940
98941
98948
98976
98984
98989
98993
98994
99000
99001
99009
99015
99018
99039
99041
99049
99059
99066
99068
99083
99084
99092
99098
99100
99112
99156
99173
99191
99210
99233
99250
99256
99260
99269
99270
99271
99279
99284
99284
99292
99301
99307
99309
99315
99325
99339
99347
99354
99376
99397
99400
99412
99426
99433
99438
99441
99443
99444
99445
99454
99478
99482
99486
99529
99552
99574
99586
99588
99600
99604
99613
99618
99619
99623
99628
99642
99656
99656
99658
99665
99682
99685
99687
99688
99704
99705
99705
99705
99709
99718
99723
99739
99747
99782
99791
99826
99829
99835
99836
99872
99901
99921
99928
99936
99944
99947
99956
99962
99965
99987
99991
99991
