3873
55935
23622
91543
9877
19022
58211
62502
47681
69213
28108
89126
62007
64586
27635
77105
52247
13540
98872
83311
27189
98072
78389
90787
15543
86373
62582
7514
39976
51092
4118
43848
23379
27739
51743
33255
46760
9953
12109
10792
79166
56568
99918
57524
21153
43904
34628
73399
73795
49851
56710
983
64274
51450
91769
96169
54174
70702
3682
94149
21793
24151
54349
45171
51889
6091
94778
15000
32395
6886
42144
27912
79805
42061
85435
957
2316
36415
90707
76110
86265
63768
77092
50539
31569
85212
46707
85742
55913
66740
96243
94057
7243
50591
39228
75483
73033
50357
90483
21779
57242
48978
49691
53398
91038
35125
54354
9705
71539
61412
2166
74156
25180
79257
41046
73100
80820
4104
58842
36732
87195
55084
47140
94437
22026
86367
69920
11410
53075
76754
33188
26668
25731
82878
80065
33120
34355
34418
42824
22245
12182
44989
96400
53713
40597
53797
26812
37768
57900
85653
74499
45095
57088
21638
55883
95465
24357
25802
6874
93783
2555
40062
20451
44637
39291
515
77756
73645
51285
36931
12242
63466
98271
24993
17178
38867
78790
43989
92986
53041
45994
67484
14487
19433
5474
70370
14898
46182
12523
38123
39964
31430
94536
76766
76066
50179
77281
53822
40175
28565
90752
52416
8382
89023
77409
41911
44241
72550
2251
37227
25590
48244
21062
56429
84029
42887
43150
15278
5420
55672
53400
61736
87101
64288
38501
63167
14466
15781
16988
54640
60697
24091
7056
85430
29465
816
27340
73706
73365
29591
27284
15306
77834
64697
71734
78214
7584
14883
93491
29355
70555
46891
91090
74007
27530
29591
37173
41995
61723
70512
12986
22420
10955
20041
7849
40419
37208
51541
30476
10572
81131
74111
25878
75316
38808
97611
53530
62743
28846
47020
92097
15752
10262
83187
89758
37791
12777
26931
96137
90851
13794
9123
13270
24748
45515
37471
81519
82723
89011
11994
9646
86493
86105
35523
61808
41264
49486
15337
4006
94683
78709
96102
10434
5322
95640
191
59465
24768
43473
55601
15619
57267
81075
45240
98366
42942
99062
79884
42016
88072
8230
51661
90916
94334
3536
52724
51949
69373
84412
55954
64055
63120
68407
90840
84794
80399
91030
44258
5166
50855
99858
37136
24473
97285
82376
22838
40226
97789
19074
98593
2213
27303
50253
93128
37988
70140
45851
89936
39512
30263
62241
19918
9734
46999
10757
94527
27397
18139
38784
48915
85345
54994
86050
9817
68630
84777
49006
8855
82566
68079
7447
84778
11733
74051
77905
49720
44191
40108
56007
54
86722
18247
19972
96455
65246
47080
7334
8994
81570
62469
57908
66914
17462
60310
93082
86091
61438
42088
11297
44003
10166
35095
45132
38251
25498
39389
87970
69688
79496
43977
86093
66217
62223
6064
79023
43820
69496
86356
69166
51065
48825
43425
34331
82638
3734
27412
85081
65172
69499
12729
25526
96017
47824
87010
34267
89673
26398
22236
75712
22245
82564
61804
88461
61139
84220
83835
21310
53715
70191
90475
21131
35367
33900
55461
34356
53985
82873
19436
35508
68723
32165
61034
64739
96340
64395
15357
86012
90792
53945
61723
13036
36508
39878
17848
97646
24097
1682
35308
94163
88224
25782
15294
23590
76033
87106
57946
30018
86330
93733
65525
55053
25897
42910
36143
38588
7304
51500
24599
14447
5444
2673
27482
58303
42551
61681
72301
82999
63363
7608
77162
51586
33389
8807
75176
9422
12264
49473
55791
98594
43205
21315
53646
85454
80577
6140
24041
87880
57639
64992
2327
79434
84016
46160
54089
26566
7841
26389
25917
71203
50348
19430
39140
88
44588
30667
9509
56851
80139
81651
55444
39696
2966
25441
41501
83542
31581
65541
87773
5571
46884
6451
1357
30900
52611
71797
73817
76803
98185
99733
64357
64884
19162
3496
64971
63749
34163
90832
36952
30653
72482
92395
86700
91799
34188
28200
91692
82120
93741
79465
4042
40624
2267
21750
87875
71229
93546
61692
48031
8082
61424
12387
72965
96938
32235
37936
77038
82749
28767
13989
13401
17600
22736
101
9399
73275
44652
1090
55394
38392
96906
75787
95368
99173
97537
83242
70401
91082
61285
34784
99164
22709
63522
72128
35998
95756
26415
29387
78504
55181
59728
8257
72781
98815
8357
98531
72089
69360
99620
43834
24104
12878
19620
19471
28402
17156
19064
15154
8238
80349
49937
23753
19409
13459
95880
71758
9214
22295
17496
4070
93827
77223
12326
82959
76037
37034
81489
64477
6393
97461
8310
30496
10338
44282
66318
55091
61437
1734
70244
86026
98434
20181
9778
34194
49991
22010
5951
75556
60656
23446
79625
54482
17021
91950
37441
9409
45335
35281
73886
51728
32741
98547
98575
59430
42828
64893
30872
4265
66626
1116
6642
65059
37648
16420
99252
87638
54781
21554
63193
15436
61351
59170
69917
78371
67471
23709
87780
12806
75342
78017
80885
24434
76563
79459
216
19391
44351
31087
23655
27328
32202
46648
8738
69849
63067
7989
73838
34199
45894
53383
49634
7245
12552
35903
1967
80022
59611
89746
92827
34952
67762
73711
75738
60677
53170
75953
80067
13872
7039
20073
41200
55593
66720
49937
41793
46139
74278
15631
80337
36523
69013
29971
43767
81564
65873
62086
77937
41835
68183
70764
93139
35945
60826
68876
12973
13995
44828
93039
44219
51866
13111
1770
23810
79830
68058
65603
42320
42335
81233
22657
95210
66597
52627
55328
64512
34851
17413
42448
76685
85596
13211
86175
37892
90389
55050
50864
20735
99877
43902
64953
68095
73364
66722
91904
53193
34780
57506
95513
93466
55090
34521
88675
21686
3499
60355
2549
38349
77767
44997
31385
63362
74559
17560
17605
64947
72609
68468
85682
88838
28721
50634
73284
2084
33708
65187
71629
84839
39045
83493
78304
10486
18013
83331
48524
21511
43685
51072
76211
37803
96068
7595
1165
86979
41506
35121
51925
30467
3589
53958
19304
32309
20944
92587
50745
54651
74125
22373
39489
29521
5865
34144
40007
23877
33826
4882
61739
93862
55953
37949
31665
52021
61895
49181
55351
3401
84301
7275
33867
4241
61233
69522
52902
82176
78460
3646
53178
68936
26018
9018
14809
31882
43161
54815
72110
93339
59696
50200
87200
32000
4500
35216
372
66394
84396
55722
86146
85049
62997
36364
89289
40581
22237
42190
39108
696
45835
92285
85984
88204
1302
792
20085
60814
71958
8546
54152
48005
58745
57704
80004
63244
92919
80376
45990
93667
36097
32135
78715
15445
84851
84355
72377
7087
42897
11484
24135
88731
20120
10118
93287
37773
10909
13371
98587
99218
38269
69090
47222
97013
43145
27225
76609
52416
7600
22598
46082
60049
71084
41148
91845
72286
25502
64222
79373
84750
92057
19859
89833
12177
29976
83119
49949
57236
96489
64887
56453
51109
50329
20026
64474
9825
47250
41082
62240
71202
80031
8321
31250
67466
65820
23094
39752
7674
3667
35476
92423
95724
55334
82255
24252
85309
65373
90552
58896
78214
71791
31700
29322
22119
51725
93795
48295
98974
51228
10535
86527
47610
18855
34128
15076
84675
73574
54827
92348
77240
90302
1122
72963
61987
83377
13566
63647
48749
4118
22542
43314
75908
70593
88988
14378
22317
82782
62672
37642
50362
73206
40521
97971
8413
74648
13046
9439
48221
84224
1786
25461
90877
19259
14775
52863
2635
28341
16509
67736
32458
55402
11049
24717
25994
36
39094
64662
99170
1765
18656
49531
91323
59176
63853
99735
33823
76899
9173
82044
77474
27310
23856
68351
46568
38630
21213
49203
83322
37722
16938
32131
9475
44338
56847
35469
60726
12292
130
59895
14057
18785
25777
21731
77960
89629
21465
28135
66527
30637
10178
60353
74298
50385
28703
20865
89014
66267
86419
88688
3988
19708
37170
29815
64046
94017
65283
24771
22660
81764
1017
53068
16901
26793
74798
11212
16421
96262
39346
99300
43250
65875
59652
17547
16259
4706
38412
21625
70972
24830
10312
91312
44538
47481
21126
24935
57849
2760
66057
80509
84523
67073
33576
17775
93865
24726
28987
26637
20987
84684
42288
64237
66911
1939
98135
83169
6644
36546
21145
77616
77728
47808
68927
38617
95289
6404
79903
69489
9163
45959
66349
93685
13031
16277
27812
23247
41002
56798
66235
78340
57833
8523
42576
24743
10461
57063
7912
33457
93608
45408
27424
87687
93216
12702
26303
4856
19105
6205
74344
28267
68515
57045
38303
97897
73321
66114
21143
30674
39263
3730
9013
97096
12252
67941
21838
39064
25003
46101
72520
34962
91509
16295
22649
84724
28996
65303
89579
64452
87860
80274
9070
56374
37318
47373
70623
26990
29838
8117
74015
69101
11846
83028
82548
24097
67320
20737
63161
92322
83190
35680
27283
74698
68327
66283
75773
97322
47938
81703
61774
35797
78328
70843
8522
15646
34567
79144
58987
80757
87261
33002
49857
99106
32381
48756
39555
99700
69492
2715
8373
52681
54746
52007
43730
23072
34642
19502
36746
82579
17556
14871
18375
95884
2065
43248
27881
36632
38744
3219
33740
26004
52572
83596
41461
84952
48703
81015
1003
18194
81
9375
87227
71179
77734
30956
94250
12375
66810
47347
94953
84365
62217
29679
96600
64282
72926
24480
17265
11669
27699
51004
54024
96622
50951
11837
81574
99653
9203
98928
34198
9284
24655
21424
80462
2388
52380
91063
31114
35541
54762
26066
19905
16978
72096
16505
97611
61373
57336
31227
89394
1386
98582
43417
98008
65884
71605
95933
81888
80808
11212
16086
6443
35866
53861
3256
54605
6240
10670
85718
58132
65431
28135
78037
82409
16582
10893
96371
77955
84580
43950
67348
2318
42531
27116
325
24767
98721
12609
6654
79528
23820
22739
85970
76038
92952
5577
30642
15543
16246
32712
73675
81677
60846
51711
80437
77428
78955
93159
55382
79886
37108
39081
82203
79639
66196
98879
4405
64916
11487
27410
60795
51659
66501
63116
27696
59452
68692
74689
74994
84938
7400
48668
82966
68246
16730
63402
62025
95684
56560
33758
91922
93668
72838
74124
89658
55385
73003
10414
36653
841
37823
97447
52499
4323
76915
96546
63774
45606
71235
55120
46895
94986
3787
29860
63231
20517
9613
41607
32552
66173
91716
24473
76192
64553
98597
82201
36290
87951
92614
89294
88791
46788
86740
57642
51111
80006
70539
31236
41964
58125
86355
88858
53111
6494
35070
32693
27010
61034
74300
75913
27206
66015
386
19749
46920
15334
1949
99561
19636
10914
88854
8426
57702
91945
82419
25164
71951
52958
56399
13914
27434
59106
19123
80544
65599
70544
13237
8960
31578
3888
84872
75135
86254
1609
94884
33173
16942
13184
49085
36577
24098
37938
61355
81799
29883
60125
6962
18185
13082
79712
48450
56868
55169
83924
37411
37119
54468
66999
46078
2397
70886
47302
93883
57140
48910
5118
6664
82204
18302
55749
35132
58751
93686
96486
40549
39920
56611
63862
58104
86044
59925
22905
42911
31446
6829
96674
68564
77648
63672
30994
80044
50910
78295
90278
8049
27204
95396
31064
9407
13697
86812
44539
72447
96850
57376
29347
53121
30338
9560
27577
16382
69484
50481
75644
17281
57309
88669
85845
51308
52341
16838
31351
3250
95132
37981
27650
38687
33376
58713
64446
63424
61877
25336
52222
58726
82711
81568
28198
13049
7479
55774
45782
93314
6255
37777
10595
79915
26446
12791
31223
95138
29628
78925
98387
41111
16905
42388
96149
66632
1100
60594
30055
62976
85929
82276
38053
84992
80195
66251
14392
4025
22024
76525
97339
44630
14301
7933
24545
57098
20723
72119
52235
66702
51043
66973
24164
84300
9360
36664
50931
26812
97258
97338
89787
99538
79613
44192
881
76160
10442
15272
80184
48817
91796
93874
9799
22449
1806
34343
79546
38880
22813
48133
21933
73855
31457
62448
74506
40817
99112
25437
67628
12721
22774
73766
28610
18738
34309
29491
11249
44750
61114
91433
9919
52910
85306
19717
91710
3464
70411
87607
58695
93223
35739
96980
83429
67196
59427
57935
24364
74890
99723
8343
87610
22496
98460
16220
57585
32769
45710
68834
93870
6823
76618
3788
76084
78275
39856
84145
81738
10266
71752
56785
19840
23842
53764
3269
7389
13190
77555
31752
88080
77277
56446
92041
16124
54906
8260
73708
87674
70321
58893
97895
93496
35510
1683
85931
13785
57890
70076
11874
84508
41827
68658
4347
82020
22421
7615
89409
51963
1521
37512
56394
78797
93958
48434
94920
65215
73046
84980
69240
59718
60224
67134
53213
95734
85168
39144
25870
43058
9219
54095
27565
67397
22753
31911
49416
61525
55878
38824
29839
57398
92688
2584
52547
86645
67370
63818
51859
40415
48797
21098
132
9021
4583
69697
21106
89751
8840
63327
32808
34410
17421
76724
1806
56525
24986
51221
18050
97215
6397
64240
70965
99084
66824
23511
2080
34193
87328
70290
90959
52477
7739
7442
77849
12321
77138
15306
2071
85977
78632
51230
20386
12404
27953
38543
68929
52939
89764
3330
50153
12512
67569
37469
27947
50744
60979
30026
1288
64659
16667
92246
33487
24405
99688
11335
36725
93177
26640
55148
79154
21623
6377
15891
34026
50682
54434
2954
3620
60549
22635
70124
89412
6556
23945
17358
57299
84923
63735
58587
65933
96753
67184
99419
21157
83223
10753
74233
76400
53744
45732
71905
91718
68461
4147
25744
19142
74932
45049
39113
51832
67684
25588
41243
74239
49532
74952
47889
50807
55038
6475
16739
51790
90011
16158
89298
73233
43262
79883
65984
97006
25614
37888
5075
94074
58387
30818
29567
33318
75867
68679
85150
59902
94267
42744
50492
60150
17696
98380
10956
89085
21207
27695
40875
11217
60204
46524
84449
3465
42758
66785
16822
68372
4672
21897
78797
63058
69066
24716
12728
61284
93394
97877
21185
4012
56972
71676
80514
74667
86408
91469
80104
7614
35515
20978
18830
95718
83853
19630
99183
26611
86414
32356
11334
7438
54252
6482
86847
39670
31197
99574
953
40943
13802
22138
61306
70774
10165
41819
61792
96572
49640
41895
4185
85154
79224
39366
80872
63077
75348
96406
6039
61761
28761
33724
85550
99365
40205
72397
39034
87754
71970
39986
45048
2124
78475
22705
72897
88640
80876
51040
1563
30515
92935
22100
15668
72158
61465
12891
51586
36812
9296
73976
14925
54409
7699
474
53773
64256
72870
9158
68361
61192
65495
29760
79667
43970
52464
68915
48961
33339
19954
66875
63853
29240
88974
95873
1398
66791
8763
69335
19954
18059
59663
34878
72467
67361
51704
42591
47968
40925
68100
16328
18468
33594
46087
98134
93915
14903
67048
42875
48241
3354
26102
28446
32593
15075
40670
50342
81865
49432
19677
1819
83842
79339
53048
72660
63051
4751
31602
11019
45676
99701
43698
80495
49647
6137
78629
43561
21039
62028
2788
85631
65381
28889
30428
97974
60315
87449
48315
58532
36881
84343
76702
37074
80033
29749
26086
43084
50852
74039
70454
12879
73740
30503
93373
39738
36639
72001
99650
74029
34029
18789
59660
15761
64029
6439
13734
24344
93888
62049
82875
47120
62743
59576
545
42776
5676
26630
85859
72879
669
72664
85757
90760
3166
79130
46849
56157
67482
46498
30185
17862
81639
6196
33623
45667
12635
63708
70010
22874
25756
69236
69993
4851
45163
70537
47626
67191
13519
49836
40069
30539
22499
25826
21298
42016
21307
68146
98172
5140
30995
28357
39354
12633
34552
72976
74652
63538
36683
61013
86411
78791
30249
72755
83641
91763
43292
31266
75305
73162
97453
15374
3700
19951
57551
41349
61966
95209
25846
60138
348
56840
4846
39701
85825
55749
29028
60476
19287
82063
21488
5697
60853
68088
94804
60845
76203
38095
8462
51507
27608
5914
66880
31307
42216
40782
72655
20533
35990
98500
80670
52690
71691
1867
92390
57515
57616
37770
34342
93254
19832
55830
15302
97036
40269
10105
57880
16471
64551
82693
67978
92158
88606
51209
23464
47173
91991
12470
67705
27980
27321
64727
80669
99012
66593
89411
72878
40560
27180
7220
33813
63363
79401
49115
60398
19669
59219
34629
36140
23770
17321
20469
15927
22278
71677
55743
69450
80019
84564
37154
7999
11885
1880
5019
10896
68473
10781
83773
9032
54312
7344
42845
17674
86744
8311
94423
22765
67529
29051
75256
91298
46371
95724
23577
68648
83752
95671
38097
63771
80234
91603
88121
92118
93482
9491
3013
78306
20272
3138
3690
90935
10481
62886
8609
97225
71196
19383
19989
38724
48434
95244
46374
94804
7319
69950
79804
91070
81972
34252
71192
62205
25854
59312
54323
19336
68803
73687
97641
5426
76824
1330
96360
87305
64215
21320
881
51762
40703
37221
90486
5488
48816
53211
291
56134
39512
96446
63555
21483
30698
34747
83687
56551
10410
54361
75886
79212
28048
89879
989
21223
7560
13701
24879
88127
51372
25759
39888
8426
79331
46725
13913
28146
99935
30556
631
39446
27001
64186
60928
57698
98932
60967
14249
9341
15327
6486
4905
43374
12716
22245
64597
20276
52297
89475
8402
3669
31586
64641
28446
10916
11366
42359
55414
27652
89266
56044
67098
16266
20229
44377
90316
35512
5343
20916
61205
20670
27401
66109
64043
56469
4705
44991
76744
57002
50818
1497
60670
98755
82489
89115
26022
93854
47825
81435
21506
37090
37479
4955
69708
74059
49331
76375
9571
54674
97290
70775
75343
41042
53235
55737
97510
57939
17080
90605
31292
84249
92101
91961
83003
74590
97428
9024
84795
61604
90459
22652
15046
44289
27606
1105
18347
93289
77479
27917
47962
74768
15043
39656
32161
68277
95392
29671
42568
28823
36627
73859
13071
28728
82172
12425
19669
95951
21449
4463
73906
28259
43467
88951
72547
87424
90055
7245
80712
83885
51514
28673
58652
66556
84680
7165
51185
96424
53187
10104
25246
89813
314
54669
18540
82485
67093
54560
94787
88541
75375
68693
33151
18841
57643
22049
6264
64050
29294
86976
47934
97159
32000
22938
80066
16680
30102
47602
13103
83288
57705
54700
73100
58019
9368
7992
56855
76461
78903
51642
81353
54277
20334
14504
73117
77976
36552
95733
42025
82197
99060
6311
79355
31059
29248
59421
64090
59349
23374
93544
58988
81079
48244
32087
55449
73963
56430
12303
50423
35333
63944
31776
5961
84277
62631
95430
78605
99182
91162
36981
97731
6573
43291
93437
37631
88890
69209
18073
48238
92583
11616
7225
73661
76211
55664
45461
50174
28445
57763
596
80129
38059
48723
86090
38687
11353
97871
17291
26887
5384
70624
40969
11956
13914
34405
65938
2804
3614
84010
67393
96196
11978
90970
86208
88188
62985
31668
38361
7781
89430
55309
4262
43840
20383
90351
82527
48088
4573
99817
91326
9956
70440
32294
21911
706
66698
87848
19861
86663
71858
3605
82858
187
10926
69065
88374
90262
17084
43087
98043
22866
14747
2304
66705
51481
9006
49231
99568
13578
65400
7245
23533
52191
39538
45443
69248
22588
49642
89108
9250
37851
9065
8460
38037
19990
93876
42763
10252
10960
2201
24646
50177
33299
26949
16881
84779
52306
82464
699
65883
47863
7943
5767
53
63833
67561
69301
86420
17202
74760
12021
71405
176
36832
9441
36518
30708
68555
46769
58019
70755
87766
8195
20405
14714
41427
5184
83371
23890
22234
49253
71752
30176
71371
88157
94008
38931
57457
96779
72484
48568
8800
43888
48744
61983
53329
85261
92690
38235
48381
50708
25342
36146
75254
45746
67211
16681
67281
50581
40570
89514
16185
28674
36042
87555
16830
30049
42837
90638
43180
15320
39205
68331
59208
4300
30313
28888
5912
23003
83474
54292
90062
8815
6789
81668
54561
90351
14700
38193
57283
71621
27707
73467
294
63748
77373
33475
10148
36561
24112
69679
51881
79669
38009
27440
320
84674
72679
6232
24028
56152
76875
30441
64967
83664
12108
35879
90366
26807
90423
47649
98428
18129
37467
15073
98228
31192
48548
24728
67752
89011
94406
35984
68679
48767
63423
85351
33440
36101
91582
57467
8605
84808
87907
89923
84823
16367
25801
75189
43173
16223
22837
57952
50704
60303
73025
65283
91494
37924
90010
75598
26934
768
11581
11965
65886
75004
97315
15677
27456
5248
89495
52412
90055
77401
42334
74878
10119
68134
50066
69644
709
89254
27595
67764
65908
16971
33046
73754
54894
39408
49351
81828
56527
60931
93792
38764
52286
91106
54440
96094
96353
43934
48505
2759
37686
90839
77636
47805
75324
44053
17448
92384
33306
61394
60147
99214
78365
9545
89319
33258
65304
38669
15085
38182
15951
25228
76945
68237
16333
31384
80682
29037
91669
45538
31796
29354
36376
9431
93510
28052
69836
27309
20435
3141
88703
96934
18706
67067
22830
8024
16676
4485
63044
48113
42666
78995
73340
19610
63583
89673
67345
44264
35061
75365
89801
66856
21070
42529
92639
14580
70580
62474
58240
7366
81966
46942
20651
672
30360
59832
25047
47036
64316
88091
11500
6981
67085
84839
42942
30667
90863
26638
91282
25924
2002
97434
9131
39424
56314
1769
54003
43245
80594
12242
50611
62560
75536
87613
79583
22247
63797
4629
69282
28112
92719
97133
51445
76155
81972
10738
23173
72834
53728
14454
15109
72081
28240
24240
11504
84553
26008
65506
27798
22954
94100
94760
85513
85987
98724
65095
8233
62520
69723
93867
90632
78794
90999
58428
54948
72970
69165
94473
62156
39244
25278
77264
11325
53517
1503
22828
54422
43863
4686
82219
66816
15137
76978
52328
1123
92053
33774
9355
54573
19848
19573
61556
98641
10572
19983
69941
99893
5499
64413
62048
44743
89690
39312
56067
59559
57166
78894
13980
1028
83579
96198
67843
15067
89527
36522
16189
81579
70295
41896
52503
90143
61468
14058
5135
88391
34040
75075
88284
55891
39487
66683
633
45529
22346
73051
5087
79512
51944
19066
80539
51875
31615
64734
66941
21141
1255
99482
19071
87902
57729
71574
78044
19196
85631
83178
23939
36023
74605
28574
91913
30443
95256
92545
75971
17602
65595
97409
13465
33890
16474
10355
2116
48088
91440
85409
85580
9047
1242
4651
96948
58970
92576
91343
78165
78206
74520
18455
14228
65476
47028
22492
95919
58636
31388
71889
92589
13334
69298
6053
47224
2123
32759
65691
66563
24199
67451
52142
33245
68692
73144
30192
27661
65719
37886
22178
60277
12405
40632
90856
94233
4012
13348
90151
62647
44735
78391
55235
58069
64040
77639
21644
66163
10397
87334
32725
50947
71137
1218
84191
39828
74362
30734
67489
40080
68619
89666
16708
97376
46649
7564
91608
50660
20911
98110
29658
65645
76500
84892
40065
40540
62530
61708
23054
89279
65394
72130
40225
36530
73347
40768
92709
64060
71501
60197
20492
56472
66214
37199
53847
29215
44762
61806
96226
65672
59915
25884
47669
52766
10775
4085
93305
89657
65793
32710
95287
47538
4839
35511
419
94538
92630
93127
58597
64131
69676
79088
36954
52241
32639
7152
81455
77400
68957
77681
59424
45223
3564
23444
97988
30690
27528
7645
36698
9672
40354
31984
57209
61545
83847
73979
56082
76476
83458
14678
56958
69485
10118
93911
21725
42756
1062
3180
36507
86370
97212
95930
31592
17127
19373
45932
47816
46901
53576
866
72924
10281
32849
46485
71825
33047
20463
44258
9523
20272
75288
66480
89756
85405
76743
11481
44512
94156
31012
81018
80526
28223
93300
28469
61701
12672
74400
25868
75924
44327
26733
48848
70960
75934
95332
59136
8980
32146
3394
18502
52418
78681
1334
42173
80437
94428
53653
24948
88583
1016
5965
69108
45590
15616
13929
7290
28288
4680
33158
20563
49007
76242
85762
36318
52175
81093
95453
61155
29591
98846
96008
82008
93878
13693
24180
74314
8120
94185
99261
96703
95200
21578
82162
40790
37193
96090
64431
81832
770
13940
2395
66128
90182
88156
18797
42356
85601
14249
19862
15191
29447
32222
13550
23324
45914
54081
97638
70386
64617
96898
83440
59817
18475
65601
16958
72020
78043
97740
53851
95164
11680
72597
77643
1861
60753
96439
60568
62705
10687
96782
94247
40133
45355
24148
63457
7620
78228
61094
78005
42845
74343
61444
19013
9170
43397
52322
81189
37791
50061
51391
32954
78092
23988
10596
79952
1092
7034
56872
63796
34072
70005
74394
90557
15359
98541
54013
22978
93120
31458
983
35964
22152
78778
71328
31321
38526
40001
28861
76316
90062
80252
9269
68153
20591
36216
64457
21682
43249
37680
1829
93673
7684
92574
84229
23042
91114
54593
62371
585
86050
79705
36549
24553
58483
24228
72226
97008
64229
1086
73324
70642
97689
98944
38794
34631
35160
19602
56312
94760
57281
74492
88432
81316
83417
72660
4357
90882
27252
83080
91467
29653
62784
44367
70558
21266
68594
42783
34626
49174
60220
24301
19815
57909
39596
74961
92539
74755
94562
65203
69515
68195
56046
74298
49510
39463
63310
70219
30344
6913
53298
21810
52918
16081
82528
23475
53699
51122
66257
4676
295
26476
45328
36462
736
84923
11422
9627
76030
22335
91181
45544
90529
47226
36193
56391
3040
99502
26609
49736
6415
96258
87897
59332
28690
70425
99158
98740
21546
65414
3415
38192
8241
65094
74653
8977
50017
2426
18603
26046
24761
9783
87941
31641
73360
40485
88031
92752
39987
30991
42487
62753
27248
46735
38436
72290
17159
37593
71029
55056
19358
90796
9600
27598
55889
604
52926
22257
3030
71528
48302
27790
97662
52594
59430
87374
93079
47461
80125
49417
94803
38963
12169
22051
85697
66956
94340
19208
20900
81720
74263
40257
72515
214
84206
44756
818
37132
67012
3847
25011
31666
31636
39025
84259
7417
42750
93689
71229
39226
43105
66032
78188
71625
88082
80236
54932
98773
15795
75831
96844
6410
32439
69359
6623
32997
30466
7440
86480
97477
11286
11490
45494
59273
66866
29753
83042
9615
39793
54270
48840
82898
20301
43379
70874
24734
39967
25806
39858
55761
17988
36702
62170
50427
22412
85145
99775
52877
92584
86254
66705
20222
14095
12199
79494
80961
58303
62535
6927
98095
33157
72119
97344
53457
15497
84570
94543
71815
10375
34400
27576
28362
87453
6097
95140
9864
91241
94914
79092
177
81167
45797
20398
95262
74347
16243
92574
32649
95130
99500
47095
44638
71618
60791
98094
3467
45360
8988
75281
55734
43388
19208
447
30840
41657
11939
57056
49249
6852
52499
49425
4371
98295
86174
15984
88993
18769
24909
37993
30250
40760
85088
74887
12378
62230
72980
32196
7589
81968
23828
79674
41707
43036
96472
88898
1044
8410
62305
50292
31614
14804
16069
52336
29450
2242
68319
18443
37362
9579
56435
67611
50338
57874
42497
62715
20103
31829
11262
44043
30148
35090
23716
71854
94477
20188
77103
95520
44949
39408
45811
76562
54211
61879
28897
83660
80473
13567
2102
17834
23145
74889
1797
73483
49114
44293
52549
85569
76121
80163
29611
6268
15252
69679
94473
9728
89866
71576
5247
34814
10983
67409
27728
81545
45640
72976
65204
42464
86543
83658
60297
26039
74898
78445
15873
24011
22738
68422
9579
15210
48584
55542
37830
80187
25220
32302
89914
15085
20229
11512
66250
47563
95272
10329
29107
40911
83305
10663
83374
86199
10672
60023
12237
85569
38467
28110
9579
77556
12883
35510
92766
77818
91051
30595
58004
16270
79248
64269
47706
15829
92132
30307
63391
87403
40636
8850
28314
40292
35864
28039
26490
46535
88061
38726
32103
26528
83187
58033
20435
96069
93542
13200
90238
84592
60146
48241
861
55746
28861
64918
71574
37344
95225
51316
24747
52212
76517
69412
92503
12380
97450
18992
58914
1863
74069
7368
44742
73608
65401
65176
86028
58942
94728
76266
59886
54873
40858
77098
26970
86071
42016
98543
23414
37240
66211
64512
5803
59079
33923
98305
71459
47725
33648
46724
49587
24068
54092
94328
97675
35844
59503
55
11137
54230
76320
71022
25455
33529
64472
52424
19599
6487
67319
59365
60078
49881
23876
65880
8959
57799
80536
80417
21875
14183
43493
71461
38250
13936
65788
52277
49779
41642
52331
77267
12224
45002
64641
37678
94882
29112
6453
30833
35598
73771
90197
12027
23651
14072
94258
32610
88222
74793
29378
26448
88975
89222
97908
43576
3157
80047
12204
69287
21689
80886
46554
50264
42239
11194
87941
37121
56657
94393
67953
8606
84516
74501
20632
8166
4924
14889
57127
9498
89681
2857
35945
95007
92078
33853
54934
11587
30251
67138
80873
68291
48023
43778
18554
90262
71323
6494
43734
27979
17239
11686
36584
1754
86186
73567
26271
7461
88455
99750
16958
94487
18958
52903
89493
11035
3107
44427
38973
33357
27916
19846
1648
92290
79975
20201
98903
51298
43047
42636
95628
60285
70673
32212
62038
73210
5778
4660
80671
10585
4409
97628
5071
23366
50530
10916
50753
53636
71694
89725
86993
15961
25922
88640
8250
22249
25192
7153
89898
68238
49788
85525
28522
20461
34088
6911
93670
56218
27923
74340
66802
48683
71968
88224
72049
38849
15491
39153
92485
87184
45229
95829
3144
87503
820
27746
9751
26011
34898
16000
10601
84685
1524
39122
21497
35612
62385
31519
91829
90307
5858
74982
38989
94177
63205
27389
33026
95048
82893
41862
82231
28122
37690
1727
31976
54861
29472
58078
80871
64369
74077
7823
65405
75600
46945
3254
27563
25681
34772
35743
32339
56981
10724
71327
51158
90281
15068
535
85328
97960
58748
83910
42433
12789
1988
74408
67649
31459
32485
64871
12179
6561
72694
93936
98513
35990
97189
26075
61670
48312
78170
94008
5292
5245
81686
72801
11877
13105
89687
13556
27417
48434
97466
69849
61222
15805
60609
28870
63616
9445
10093
92146
16006
82786
86081
30870
18775
99621
73296
96796
64284
51465
7155
69576
73062
5192
58728
84938
18297
48415
98494
62065
96848
12311
31913
58070
44467
92521
3291
8082
18318
13383
228
50675
96168
86308
81544
31294
2281
71191
44441
66564
22656
67947
52491
12069
73139
11219
97006
7787
59633
11851
69851
56480
40513
18115
30901
84980
26988
34192
93061
45305
63926
9640
95979
60094
12300
93874
7739
14580
65064
68532
97495
4071
36478
49986
16139
9616
77556
29497
33754
53540
41347
19956
26371
98212
38071
57272
83191
81410
7815
92603
26714
71740
2243
39044
48185
14542
32917
55924
45473
97980
24455
42967
2051
77284
9304
34541
86900
3211
64037
37005
56750
21736
56961
83121
19947
11383
40392
19489
92792
64558
28443
35857
36297
30685
74900
84482
61578
24168
56757
23402
38499
97563
82721
56901
74846
8376
91442
78097
11587
55478
15102
68336
77213
88414
67808
13511
16148
24551
32999
8939
89108
77794
61147
41757
8478
52398
26238
86408
76565
99346
9809
15063
96908
8881
71964
88105
17257
79757
66202
28843
35234
97655
13530
28799
86068
97690
58661
18567
22240
8012
27505
11348
85805
5003
69456
10634
57400
95693
97041
50316
11390
23202
81730
24649
48434
70045
12753
65690
49801
95306
10884
1387
92960
24414
46537
95379
38455
5197
13945
60694
13208
57801
88393
99012
79155
57848
9646
36554
69892
23038
3221
81281
62591
84951
22281
11025
54995
35034
93066
21148
46691
3950
22534
39651
44715
69070
51381
83169
74266
81678
43862
3826
55830
48607
2837
34985
6454
28834
87890
76346
68224
91111
73978
30814
76061
96259
58190
47407
47644
51256
68554
94334
55205
7439
50336
16271
92860
1717
99439
83478
99746
59652
87303
55575
8258
6491
6911
14712
35325
94801
7409
19900
85911
81386
50713
78323
93996
25255
42081
41639
76510
26987
35973
48066
34425
86308
80688
27285
4376
80126
10762
20473
56129
14416
76048
64387
20906
99310
95450
72582
94110
19210
92481
96372
16947
59546
74694
10943
84800
16775
52581
77661
43761
4905
42078
94537
7565
22765
38173
11940
2890
48934
32413
75370
79701
24812
39756
607
24121
51557
73188
34583
87118
65669
30954
4065
41566
22000
15007
26365
38774
83939
4025
98886
5196
46102
9774
12760
68866
47947
24699
88107
13232
73463
63476
92933
14626
19584
93539
38747
87492
83078
89681
74610
65098
20634
78674
6663
42633
10032
49379
97758
10322
53403
12995
15517
15856
22769
44628
1073
87067
85679
5531
298
59141
85359
9582
90119
4942
19472
28865
8785
2550
34897
99746
83999
55530
94771
90662
14515
4802
56392
12272
31476
9795
41619
63344
42002
80739
7972
43075
67805
93650
64957
84454
69142
50315
94036
59260
71608
29859
4476
80393
48760
39372
80138
32759
11254
74909
39772
25768
96062
96163
54391
43889
22309
96009
7233
64311
76747
31556
23737
60903
41557
88693
45357
10698
55360
55744
69958
26967
85602
90785
7359
34362
46509
3849
83472
57762
95109
23243
83529
7522
35757
54271
51411
58066
50280
74995
38728
43378
6550
78816
20633
48106
67508
65989
75155
22867
38084
61464
66186
23685
52249
89896
74398
98757
93744
57869
72870
5204
97463
72750
12726
49572
27020
80488
7637
93651
71834
62716
37029
94735
41531
57661
59192
25390
40001
34346
64609
94436
12162
30794
34472
64410
20689
8870
79518
30785
83090
68739
52340
96905
41488
65065
46476
68507
61904
70464
62158
33737
33179
15538
28471
91061
89550
87662
16450
45902
38360
97410
40337
50521
28203
74808
31282
65244
29
27151
12380
83119
95889
64719
96375
37376
46136
59202
22234
8039
29665
743
58128
79195
32632
2950
86607
22181
90612
19408
84434
45323
16818
24770
95843
61372
15930
27124
42967
15958
54274
55346
15428
66514
36417
28154
20241
82552
87355
42474
6942
17019
43217
65069
12565
92200
68019
99171
14381
74982
18579
15166
20304
35396
56288
32498
13119
72217
59621
56086
4526
30246
11431
36306
96759
47847
64459
33351
46750
51814
75824
53692
68832
35392
35112
97749
27592
19482
96919
58324
94463
15497
73489
31118
67244
29776
63615
80363
18344
39587
36448
22870
69832
64230
59175
82942
28429
23633
16292
91530
75446
8468
45221
60630
43859
96685
58378
87802
16166
71648
62477
26981
87145
35966
58098
70740
82093
21713
51102
16789
61299
3901
39658
47483
84483
15184
46776
12911
55168
63068
4440
46966
71535
66013
23947
31745
62697
82324
35899
95214
70323
98375
22194
57467
34340
80292
44559
32785
18356
95660
49573
96006
15913
5582
43488
395
37117
90264
29657
92284
69683
34096
39249
57569
16460
63195
89313
95508
61870
25211
7074
32193
39938
29267
6011
74277
25910
50569
23413
44265
62581
89337
56623
78493
94918
16462
95239
32034
6725
24895
40670
92759
75342
96270
50327
91802
75817
55992
3661
37686
97554
10734
86230
37491
40001
8593
28120
82262
75513
51532
42879
54445
40869
99501
32937
52138
15962
28175
524
39039
69421
41193
31797
44763
53814
82124
36564
29630
38115
40224
83668
35668
67310
86249
73159
7310
94841
1278
5923
86706
69161
48801
41150
26381
48301
90439
94871
64263
34965
95394
3301
4386
52938
51449
49148
6751
33572
2063
36381
88038
58638
20048
40058
25947
22648
29568
49608
33841
30845
55531
20546
16357
4331
78047
42738
68984
68485
37608
33246
19802
49353
52898
24187
18642
20698
89686
25392
54270
91748
78124
58659
50385
14523
98716
92684
37171
28283
42291
71011
75479
97821
7908
91836
18504
85954
50925
87487
70791
4884
37084
90592
54236
6333
31130
89229
27030
20815
14620
81299
28914
9096
56310
95650
23618
55025
88333
77140
83308
30624
64502
75138
44796
72409
66973
79651
58363
34249
67137
29153
39132
4220
36096
9719
26904
67225
98947
53934
4391
29919
51584
33304
39014
7893
45305
78983
62918
33638
72475
62577
80613
36976
37714
41760
9385
21039
21411
84099
55287
88547
29603
10771
9119
65698
20489
36022
49274
35788
6307
70016
65706
57891
19671
21071
65783
64975
53
45052
98612
88879
23980
95576
25855
78046
37336
51591
99084
58746
35689
70722
63644
81643
81492
89114
63692
18333
25136
12965
70472
31442
82980
52529
5684
2650
73599
71467
83976
90003
32870
82588
78882
56850
94515
4736
34895
31850
72678
50330
6947
8366
21051
70591
90008
18895
76056
53699
53579
1191
83015
24050
48985
82346
76578
71020
1347
66528
42486
85322
56530
91708
84261
51763
48557
78776
72850
99803
26977
45527
66484
33924
70244
87534
20866
60251
22780
96921
30301
92710
14464
29667
33111
79800
12012
9688
50819
13358
92567
9657
15032
65449
1364
99292
17211
66272
78067
90061
82426
5044
51939
48909
55319
22183
52794
92536
98785
75574
89456
45438
68283
20271
75104
1394
70
3468
27433
67241
33177
36352
76897
48208
1800
94612
47500
35362
60883
41918
41774
59660
63313
93713
8568
18631
32247
61361
11166
31031
53286
16974
76468
37921
37244
51572
55666
53666
55039
99450
20906
88215
35801
97802
52775
53952
92413
274
89314
69647
58543
47439
29306
21856
57503
54225
40486
89749
31937
68004
20780
1575
1329
97247
55847
38572
65170
11512
92237
36560
27313
29494
41127
79466
27295
93901
33417
36059
10526
39082
22057
69068
2873
67714
90923
60375
21938
47761
50124
70227
32116
70903
71801
33444
84501
27647
88367
49671
55510
96956
86230
99174
26449
27356
78639
70096
37608
28408
6154
48133
83841
28211
17201
86713
12276
24475
47088
34214
88587
13563
20792
20702
84465
8944
54145
85317
36590
58864
34987
8451
55819
37569
7624
82267
81276
2615
52362
18884
31022
74868
83368
14862
19430
16920
17927
31705
41395
81366
82270
29981
94928
3061
67035
95744
12004
21179
81060
64945
80042
32399
73395
52212
69967
97371
34479
51242
99985
3192
86477
47358
78059
69845
78571
97488
86764
96497
45545
44510
77862
27814
90843
89141
30875
57877
1236
42878
95407
82296
7823
75449
14694
97569
44012
1012
11291
78490
68605
27627
81682
71434
74984
76092
41278
53555
89932
44393
66403
35476
5255
60617
63289
96097
66109
94163
53973
67345
53393
49379
49640
77567
41179
80685
91487
85191
98048
2778
80032
66652
30404
61713
38085
21740
54157
95714
91646
44088
56459
58048
79563
61713
35016
59203
57809
1125
53366
28133
68469
23110
77511
34460
676
18690
31496
92162
20232
29543
11291
263
12546
41695
78328
66983
79786
32484
62696
71431
92923
35506
45830
88837
13570
97198
48039
71378
98322
17756
99510
83142
40865
93373
17601
41540
12062
49096
50054
48645
94990
61344
48907
7535
19390
27234
74517
99175
59717
53565
86957
68991
5422
32787
57827
18992
46336
5866
6721
44657
23621
22583
44150
64486
15955
78102
22377
44368
43549
72430
93012
38538
33774
41918
62424
69515
85504
36941
68690
45220
6857
55646
30563
12278
4784
88389
47621
51119
94254
54342
12127
34227
76924
56276
98712
92878
34377
37440
53597
94277
26222
46608
32814
76347
4877
95238
45861
90380
48530
14550
51952
55386
86548
82514
84015
7683
70902
31636
75154
81508
85977
87280
15734
79252
59908
30797
72129
10636
68236
42077
4913
10809
88684
54078
87155
9912
49315
33016
292
97844
63917
52243
69581
50464
51108
69948
74499
38361
1583
49652
19868
3911
36931
51953
83162
13190
82749
71642
23826
67337
13718
45090
78145
2401
99167
65300
12312
64834
14667
28955
79029
78583
97549
48610
45399
48656
18557
19897
87017
36491
69548
23236
40401
22830
75189
23562
36020
57937
11555
76197
41625
25272
37638
19770
44024
36804
85069
72687
17989
16087
1642
97018
94669
99190
45627
40067
64198
80535
59963
67566
33377
29510
90801
73777
68692
65989
13690
4711
40278
25244
97259
81902
50515
34896
1671
10890
88051
3091
83576
6040
19177
85217
3057
13846
759
65035
70264
64956
61921
30227
32521
95297
76088
39673
85425
44779
5662
15466
65841
45939
57061
79451
27840
23927
30698
45863
34816
18749
48953
18391
41140
84482
3608
60548
98327
20718
25582
84942
85673
3854
15168
34545
15502
7608
74217
17278
52386
96230
32743
34579
42168
6155
30381
86360
30081
61079
32222
64896
79827
97526
83286
37318
82007
3245
97865
96685
23962
39798
81627
25986
60003
96794
76882
75504
20753
67451
92781
89491
63680
41875
24069
22200
48029
54449
8559
78109
15527
57132
59356
11705
54657
58993
65374
36664
62238
63238
33348
2551
3035
31326
44889
63037
44472
38122
54892
65224
5572
64024
54714
69252
5898
95134
91451
70278
65935
16361
64738
97813
73492
40445
25870
28148
99438
91243
81163
78027
54481
30863
80577
73867
62188
41817
53256
6659
79939
24499
71883
85510
88523
42948
71113
10772
38082
78915
97402
20368
95275
62139
18180
68766
2584
44049
13266
18373
35292
94428
96399
6124
25290
93327
96342
87478
35144
49597
10488
31434
74096
98722
16943
78970
41670
4408
89741
96103
83322
87142
16470
94949
65633
34649
80066
84568
95050
93331
2940
30341
4111
99338
52816
45752
92664
49157
33229
44159
98754
60069
75592
89201
58790
8887
68170
16811
13294
74262
12913
12967
61404
45734
7915
27036
96735
87981
27955
91784
97663
30894
38476
1773
30231
91291
47525
22894
40447
97105
67053
55552
57173
58996
44752
32315
67882
29273
49125
81175
3535
78390
94142
81290
40475
18408
24677
37209
6388
52631
28992
20403
83524
67467
22175
30106
75109
86051
69351
15556
99508
52755
71107
56680
11751
32211
5346
79632
77835
70823
60807
97721
65564
71300
79010
6038
89707
20038
43247
12447
72668
72238
32849
72543
56057
71375
2648
31165
73778
71999
63072
73285
24753
50531
46316
36503
99093
51662
16135
76927
22484
93293
74648
4399
80944
70009
10436
87002
90047
53682
15800
79066
42272
65000
51609
98328
36375
54256
45844
10152
26254
8916
83436
67359
75798
29751
3861
74890
97764
36347
51816
36599
45991
42815
40997
26934
12824
51433
13936
19222
21466
46087
98287
63737
11087
49895
78416
47461
20503
24260
73964
46756
49527
73751
30466
25324
19853
34327
213
17617
87025
68380
70567
33016
11195
11564
59949
40370
79348
90236
59591
813
36323
74229
64550
47409
24124
42965
11221
44626
83576
1536
7733
49454
75286
38199
74777
95138
88877
91341
29106
75901
76073
99673
8916
3619
27588
85217
43988
6935
75452
19930
7747
28126
94158
88648
91886
34633
31613
19458
79258
31540
20993
3343
80994
96278
41541
72122
7768
30417
79815
36873
22669
55887
52897
31585
75857
80484
16801
19844
3770
8604
56125
11517
53082
66634
16516
44967
1267
64480
64425
96876
96020
85417
218
93365
98047
58110
81838
22166
4878
61652
75390
27547
33890
28287
75483
26098
25122
8635
62293
28892
17238
18417
56760
70319
85051
73275
31638
2669
54107
12414
15896
50126
14182
32466
59842
12228
90575
41679
50745
11805
19683
26135
55703
69924
54421
31185
96022
95894
56171
58314
24785
73408
93083
97896
60079
94485
87523
8068
97153
41629
20481
13048
8106
34662
61865
67947
63242
52440
9625
13986
80596
45659
40120
36298
15583
10892
83834
27956
6786
40004
86269
47922
29763
79351
62170
6193
73835
49692
14260
87339
7672
51092
16739
15777
2106
78603
83723
65347
47394
9699
95684
27989
71710
52156
80638
87292
63047
80823
15247
86184
37178
17867
50458
83293
97218
28979
5837
87404
95022
36449
91095
2693
87540
24185
34821
89645
2787
18543
71343
66533
44593
67027
10873
16302
19182
7863
19945
98580
5037
51543
1116
42215
69410
67925
41859
82979
96903
47695
86734
91924
84143
94180
10968
88035
18364
45788
77679
21151
80682
65374
4035
25274
32400
14907
57928
67933
22769
94224
82864
27806
45767
83979
86372
31528
68255
44582
30858
65157
8628
17591
73432
92771
11771
84399
97157
46486
30186
91187
83988
10867
56560
88022
52493
88959
2929
26772
73243
42049
37347
56107
86206
83113
56437
72577
30992
24692
33510
61849
6200
42138
95792
79632
51260
23914
64030
48416
70399
10568
39602
54387
37786
96162
42408
6630
1472
61688
33401
74715
20089
70748
47173
6294
70212
3609
95223
17556
44652
28732
95756
50852
70869
91547
46835
22128
31812
27216
86895
2211
37783
26497
72949
91921
39010
31708
98550
40481
93396
31951
31547
13484
19050
78719
36129
5613
98680
31351
23168
43331
60083
18924
10534
47303
26822
57368
69431
58634
84584
72677
77196
22366
99173
50144
14286
54534
81851
29188
95015
91598
61138
42913
21433
96539
37984
57562
18503
36663
88912
41671
96345
65346
76946
6879
12649
3767
64246
98431
78752
48829
71107
55947
87547
70280
6090
18184
41165
4293
47371
36179
12242
24860
95444
33675
37750
33427
7588
56253
86441
12851
97923
82785
78197
91220
89663
90845
94986
70261
89275
90090
35441
76733
46036
22987
47012
68478
57523
4529
72770
4893
40707
85011
46105
52502
35037
83854
85928
42624
56458
72368
55475
70732
71505
50023
61951
61167
57219
73289
47779
46493
63378
83220
23225
9413
22558
86589
77890
80080
7469
67011
1325
48175
68374
47429
17029
3410
47634
19308
62386
20444
8028
34212
91175
79532
84234
53126
57050
41452
42766
4829
4296
6143
88048
43872
31907
10605
46812
26149
7037
54280
93159
8361
18807
61532
72141
35835
81294
36126
71494
60031
56569
79521
10594
47744
59052
94827
17221
16102
52630
59986
37282
73277
66128
25329
17148
98034
52285
80312
24182
59321
50943
33693
84033
69749
11576
56173
21935
9221
8651
93429
69251
65219
89301
79844
12962
48353
91022
46534
80806
60003
6519
18087
33279
88998
59767
66779
3384
12051
47090
27565
87724
98032
77609
71756
84133
89185
44281
6067
14757
52931
15847
84008
18149
5148
80203
47463
69852
87577
93996
50657
47579
16867
85095
80858
5864
44861
47636
9247
56911
11077
53164
60986
25460
30772
32742
9592
36308
93374
32011
51065
46304
47857
51424
80804
69356
47978
28266
55559
51906
38614
6215
99485
55480
7661
96694
77695
52521
60681
86942
25784
71757
40105
86769
97216
87228
35862
23160
39888
29235
55170
7304
91890
19378
58727
72694
88734
23056
17311
44292
74962
55924
66859
90798
27755
74519
87491
5450
43392
48171
92391
69175
36279
48847
72295
49846
52426
8157
73005
92313
53743
44526
99616
45633
63904
74694
34678
68989
14102
51988
29632
89063
24264
12842
79860
52018
3713
83702
73819
47104
48224
66209
32630
84502
31407
4924
50699
83833
29432
40056
92497
83175
933
8465
45159
64836
99510
79836
50176
13611
48175
79808
19025
72438
92649
98884
24456
12713
82585
98274
59816
30808
80835
92445
31661
28593
97369
98712
28777
26800
55119
21274
26326
56051
46090
71484
37239
45599
67671
87414
75562
15846
67221
94586
88283
76222
93470
29090
5286
92406
43716
65102
39566
24550
73898
87578
69494
87618
2641
98271
30770
57759
35896
57095
30162
81985
44931
67400
43935
12601
54813
19496
44798
38386
30434
33081
30959
40255
78522
36244
32660
22237
17697
88577
63138
91595
92507
32632
79212
95147
30902
9981
69258
83149
83428
99419
81485
28358
66818
41771
57310
37982
61267
2108
92719
8052
35188
40029
48306
13709
76273
80965
52298
10321
85894
15435
1915
78400
48066
97479
73546
95319
23811
42803
78467
7238
58573
59951
35595
41742
1722
9257
79724
79340
11364
88794
87391
62903
28823
35696
76611
21447
33012
28908
31767
35257
60695
50034
13656
8760
47512
3554
4079
71322
46356
98897
78560
21281
75200
30506
63022
76921
39762
42745
72612
51125
47891
76354
14027
76713
28401
6990
98159
77764
52249
46277
13021
12943
96310
26676
38055
43821
30229
58485
31495
92937
57381
26406
14217
32580
56911
77238
25852
13025
36335
98463
80501
84225
91168
10880
60937
19568
34221
75447
97332
86469
21723
26704
15764
34385
53379
70170
78205
99960
28654
26051
9248
2386
52456
23464
34966
9367
17053
77169
38743
69739
91984
19243
53963
83151
30122
31251
19071
80694
23049
32754
83515
61124
59457
99278
95508
29187
85799
90064
45498
14452
16115
54745
33189
68570
94560
68154
94288
27965
45323
33030
97703
37306
68625
51666
36808
15098
99268
55878
95792
22317
88631
79306
83440
48087
94935
78947
93626
80733
69010
39123
11536
85124
93868
44724
70046
4779
29230
64333
32743
90904
13715
30446
44561
82339
98463
81368
97436
97730
37246
9579
36398
42228
88884
19837
6667
170
15135
292
97254
497
55766
8789
1972
49633
69865
72017
70764
15446
52702
3506
6349
66416
33951
50909
48754
48765
48628
62541
46495
2225
72120
82892
44453
77355
19081
51119
93877
34215
67762
91130
51063
23527
16271
53035
89512
2487
41403
60275
17932
94104
80132
24280
60519
30435
91540
25624
79199
40167
88165
42045
42392
76636
24937
3196
70342
60369
70666
80570
10935
38427
71700
61998
78305
87970
15032
84168
90456
56434
60794
8387
66890
40926
49018
27408
87712
56909
53032
66910
97075
57548
25307
55818
50535
66595
59013
37228
26963
29678
17798
37897
84456
5849
99894
79113
93818
31277
63280
625
4063
24074
25363
70952
81351
90732
14711
69062
47640
84094
52323
61066
57993
77629
16884
24879
44223
92248
62107
87537
38278
96256
25434
39085
2104
41679
18197
12273
89308
97829
12897
9722
21902
54611
97025
3252
45342
11735
88665
9333
95829
40987
70398
70173
18616
3633
95052
79190
12233
73510
66727
50510
69765
8512
5946
88220
66542
24143
492
55849
21971
29740
81922
60224
702
78946
79827
46043
90681
68491
71727
2861
25829
42124
73033
60796
62109
84436
39986
74341
57945
23064
41202
44061
47927
47147
32280
14468
87641
32771
86669
25963
78862
68590
86186
79563
47536
66012
41957
54568
50854
13683
73780
76683
72159
46812
37478
50619
47600
93815
24959
5544
33230
82512
49605
81156
29658
98236
95624
17299
47359
98644
59613
26220
83585
45799
5783
47472
28162
64091
2039
95368
94126
75818
72050
66284
38982
25879
33254
86581
36046
74564
8476
69275
57075
74432
50431
86732
72668
62406
20382
20026
61049
96347
62597
60985
42145
84731
8457
86658
48822
10495
82025
42947
2665
70426
25582
57998
12657
75187
60930
48702
49750
69405
17976
6824
43837
84758
9907
32856
47163
30289
69233
24563
26635
31829
85548
85131
16560
94004
88140
81733
20850
86517
41031
39866
56942
82964
97863
85950
58150
58792
34651
7899
28197
68979
14722
88385
53736
24628
37592
17251
71268
6824
58165
14254
55004
43712
15736
87915
54067
3876
69647
91269
6744
27029
31134
80037
9992
28997
65987
68141
87788
16989
92391
32336
85967
7112
20720
56055
48092
74663
89657
35711
81486
47821
49965
36490
7885
82052
24404
78303
85927
10403
69571
9022
37431
705
89059
47423
29701
55045
31915
33840
72033
24306
66176
74352
47769
3247
46758
95860
77910
36414
31571
75747
586
97887
12236
8470
79938
52992
3125
82217
79746
72695
91238
17176
73399
80296
80950
19451
51692
12865
69643
23725
53522
35818
14428
1290
39064
61185
13502
33325
13950
61424
9072
14535
59310
37659
39357
55599
7002
42481
37815
86747
31527
45405
3923
4926
42052
1224
40728
93744
14088
10370
33820
83961
62539
48247
1603
17955
25783
15104
51279
39732
76527
76702
70618
52188
14361
26326
7786
37714
68806
61953
24461
333
23709
44735
21610
65760
45958
78689
59503
76398
5411
93322
60358
67949
57920
61960
85903
83702
93415
53534
23433
86293
30235
10403
54832
60947
36728
62618
98661
21886
40922
23121
22218
64630
67855
60179
46741
30164
55219
6244
6561
60629
15917
66919
28578
73837
45230
30832
57538
54997
84365
97323
41289
14600
7725
96121
91898
44452
75090
90558
66337
32363
30030
4906
96992
14236
81436
43732
44400
36655
66327
50960
13635
98596
34230
58564
72432
79460
89396
46321
34456
73760
43643
92096
4711
67719
88216
96609
12171
79657
3518
94859
12019
33548
16117
25362
47783
97552
85446
92182
50558
51772
43142
64193
50367
77371
22756
39150
73182
12151
85471
23989
2263
45465
16085
23325
13184
20652
19933
41706
16661
23451
52916
28679
73350
69032
54041
21132
66584
39486
13314
33493
7609
72807
97685
57976
66529
36793
13477
39711
65295
98947
63699
67557
60764
96135
90882
90299
33139
27166
48356
49799
66968
1271
78477
40317
70303
48869
61449
53238
4706
91114
86730
12315
63920
767
86642
30448
37559
118
86510
2853
15417
66561
86762
92532
62695
93995
82830
95833
21160
31185
61983
88128
48807
40460
28444
19109
5680
6244
88698
10386
97357
75428
39052
77628
92546
42045
24428
30104
58514
10937
32956
90282
77497
36069
82813
56544
30063
81994
52376
51223
29530
14359
55702
78337
71170
497
13797
93201
6741
2495
19938
20449
94274
75341
98077
86819
17385
22504
33274
75899
49792
82581
66180
27289
18650
65345
83832
48712
47338
52559
16286
93220
83269
71987
71556
70790
72484
1704
80343
95576
20550
280
16024
31175
75621
30452
34345
93005
52955
67618
85255
2747
50199
67787
46387
85200
33131
30218
50263
96820
99128
66549
90039
98749
54887
77946
69538
43722
79650
49880
39297
16551
66512
55321
47726
42132
2124
82070
51488
55079
49688
53095
74177
16238
20881
20563
17789
70363
67132
68051
67182
82611
50951
73573
81359
5838
67870
67249
49559
47519
17128
5208
64070
99991
76880
28147
42122
79003
10216
9962
34081
76255
63056
24609
8844
83936
45171
26632
70650
28654
94683
54183
27617
45633
27755
8975
67822
95625
76223
17381
59495
9703
22588
39916
9693
99467
68062
68167
94821
94630
78128
28902
70884
57535
69862
96080
57822
15033
22711
28471
60038
33745
82653
87654
95730
10408
12981
63551
22384
5555
97283
81878
15257
36222
38146
41302
35688
6207
25820
46861
836
3947
75762
88072
77833
45623
84151
35654
77007
23213
64124
53397
56958
46776
57402
69039
73535
70382
32589
12270
75937
29872
10500
7545
66093
48645
65198
18133
54851
91017
64993
72039
11315
57106
76462
89147
19080
76964
24800
12439
16528
88923
65835
89837
52051
39588
58875
41937
9970
7816
54207
2258
37687
64706
26154
20131
13350
91352
54615
84552
98720
35959
72942
10035
9416
65755
99181
28496
59070
23981
57286
75598
29255
39472
65434
81305
79059
40661
39594
5380
48476
93800
23989
2514
74857
50143
38996
4558
57846
93611
89109
56565
45921
78403
82951
55337
44157
82132
184
19579
6112
73821
95176
51718
13292
76961
49375
92350
17621
88968
97730
66096
99119
38070
68609
73975
88212
23957
94884
62409
17567
344
35326
79839
78746
18276
51527
39255
407
68062
58833
22870
41882
70360
74588
55173
47320
40314
47523
64941
29281
61604
47388
44751
99673
32349
18725
4237
56305
29960
82997
90223
30303
18322
70061
25401
36598
37940
64655
53356
6001
39839
76226
47883
10198
67165
19407
73869
7478
83281
38809
53110
61236
2549
97860
77261
34897
32936
81497
91201
62895
64493
97775
93197
99167
84187
18597
35764
22126
99603
5471
44479
55793
98048
8713
65990
81564
28119
39859
89041
27752
95019
58502
88987
97567
56361
66247
48815
89296
47743
56367
68542
28588
54141
78091
27754
38328
96687
79869
60453
12642
1691
21283
68434
99739
29995
50776
81302
58114
6986
86695
85865
2004
45196
74851
15923
1557
57450
64737
7204
21544
37456
92098
50131
91596
70188
94236
46275
83226
90456
23080
95867
92147
44362
80653
8237
74357
31428
5890
32470
38413
92584
34686
56768
37780
25888
72690
55688
83337
53779
79243
4881
7586
71340
71363
99181
41527
81951
45456
41105
88758
68535
36971
97256
12896
33975
5492
87252
65402
11382
36073
20166
3965
70758
76934
58096
12998
65975
30135
96334
36105
9378
17566
43690
97069
88929
42871
54948
87231
4678
96052
75988
89564
49374
73244
18811
83349
78735
22415
65102
6468
58487
85268
26785
45597
78553
1232
58594
44527
31367
71279
80632
57096
88845
40673
70516
94125
99895
25463
81355
4572
37866
57342
10487
87240
30585
29298
86940
25672
51712
52041
48491
26550
53660
75275
72146
32212
76507
47091
93091
7873
34722
90074
81320
23566
30746
51835
34042
30641
77298
15396
51564
31515
89089
62051
18754
36026
91348
22045
61697
59411
74086
10187
85960
44097
1814
74458
76309
78320
37900
85751
2544
72621
75824
215
12538
6569
52049
46579
53561
45698
78326
5125
77213
67415
83527
12318
3440
91226
34363
81488
50636
24800
8026
52947
85248
26191
27404
77908
4510
65304
63658
23405
37924
39481
23619
66814
62402
92020
13392
15962
54069
8070
37438
31281
75484
20964
59951
95275
12189
10665
93114
79176
51816
17491
32123
37063
43682
75878
14971
64543
41181
78628
87948
95457
18109
27918
78622
96862
36289
92013
12823
90358
82
66613
37990
91917
87576
97940
3543
16117
24956
96656
11644
76771
30499
60118
13834
74180
35996
28804
38722
93528
23783
43021
5336
41891
87291
83957
55104
23579
92322
67927
30288
92403
50891
68278
672
54818
82569
20566
87286
7525
17222
98930
84295
64072
59047
14480
38251
11394
43283
93324
4922
67066
36345
26609
25308
39987
10566
80412
79917
2887
64690
10205
11641
31932
78482
28664
86749
61050
49230
74035
84926
82803
72964
69221
46874
48362
83700
85124
76108
43335
94799
97381
26752
31143
23989
68411
87481
34554
48822
67398
53792
29863
77602
81785
61794
72435
10448
64895
33484
59677
38929
18410
42479
28244
3982
89352
92957
4033
90827
69064
63719
85626
66444
90470
33120
90433
58881
36953
41338
24054
4350
11482
70269
98303
93266
48414
70737
3713
13308
20572
79742
52236
55333
22220
96831
59314
27924
89788
79699
35102
58851
43417
37079
25295
33887
86551
32079
92767
23503
89768
33172
27852
1249
3440
26154
94514
51854
13242
14579
65161
33813
94320
33749
89146
32891
30579
64811
77166
36718
44509
12268
95569
87926
65698
37215
38164
52248
85645
47282
75750
75412
80453
3601
76661
245
46106
71174
52098
59347
2104
33610
9512
96423
83710
98657
29314
30641
63467
6479
67358
24328
35098
79278
12253
796
16492
66768
53043
18488
14049
45145
93900
94501
65097
86912
94745
27555
74437
63194
86901
76541
13156
12764
72963
96865
27772
18628
27505
7591
25107
11215
31918
76556
90492
60522
93703
23336
27289
63098
41823
41337
8242
52074
52189
73338
38985
63286
892
13422
26479
4145
89962
39634
33260
62924
52851
61032
81552
80355
68622
23010
7921
539
15917
98413
61060
9620
38100
4700
89069
96274
62388
97310
48348
14576
86999
87332
77861
4243
17105
20692
24739
7066
60325
57998
86342
13175
19029
84245
9882
87650
23606
17802
4540
39522
32566
81951
65493
87017
86650
54561
83291
49037
68222
47990
79965
71573
51673
57825
75815
68778
78516
16905
92195
55193
74902
78536
68367
93931
62780
94600
97932
2737
28754
2472
42259
77671
774
24103
64688
87424
95016
64330
52812
79589
12319
32776
51161
63991
6953
43327
49120
1820
60231
41315
57012
35133
36202
41731
45415
98982
52682
59698
1718
81435
62169
60328
59106
62943
783
40145
66718
95798
4474
35881
75386
33144
85009
42899
13486
91961
2577
62606
10132
62808
20272
67144
14292
56473
25226
76058
71806
77907
35755
89876
75694
14276
66555
34799
77218
67337
91295
60287
79486
95768
12519
54872
28911
97527
14122
58748
5839
16698
21353
15971
95857
57976
99466
10148
14449
41043
86205
86254
18949
38312
76129
10994
52587
42684
45792
46156
26372
53438
6442
5858
49205
35312
77081
94467
32839
91202
53215
55029
24251
90919
87351
20108
48895
3168
46607
63343
44210
49164
65948
79511
87475
58429
90504
40061
17464
52648
86216
43835
6085
9009
49692
71642
44320
43124
82460
93510
34325
35674
64891
74928
42945
52241
95035
8191
71761
57993
87885
15970
7156
53832
11832
10982
28612
2336
51042
46075
71335
53609
6262
93771
62617
72305
65412
23289
15429
47872
16798
66105
99897
98040
41032
59193
50281
52418
67383
22041
10411
55267
54362
33918
25451
66194
44900
54062
84881
95941
137
56215
49550
6398
49985
28518
78702
31749
51806
10482
79620
84956
76587
95868
82995
17618
55061
49627
70036
22443
88019
96798
94062
42381
30715
19512
24926
75614
73573
9806
87907
90061
82372
37456
12810
48708
82325
7864
80456
34131
18345
76427
35438
11283
88647
18432
28901
43707
84411
15288
82501
72429
12085
76562
14809
42799
12425
39734
18413
2350
65891
6319
8762
64614
60126
21572
13322
58802
45787
10129
92932
80483
86556
44721
91766
75202
79505
20666
35260
63915
52305
34112
36343
64389
27026
67504
7187
39450
23589
41951
58151
89480
64621
66913
54093
24746
4836
83766
83548
50622
93895
92831
31104
96802
53904
39221
88355
33408
76238
23614
97322
28542
74077
50016
92930
1102
17519
16469
40552
41108
58419
15054
46939
23040
81966
17383
64137
86801
1149
64036
53774
95043
73219
84878
91844
27122
40450
96550
60529
16688
20163
74202
61581
94239
40569
54511
11693
58088
70979
68596
15547
45749
83649
62485
85140
65615
79867
49277
52415
81015
29664
6189
92409
2882
7418
604
30003
64219
97153
6883
80906
33667
97436
42487
44258
38005
13349
55950
12444
679
24545
27990
46427
8193
90474
47919
90159
86692
97195
42574
84059
26858
65114
76467
46092
88883
93423
92446
53101
90575
15681
50359
40594
13116
9197
84851
67472
38897
57152
79915
39575
81696
24256
2353
6240
14729
50271
96399
17773
63817
55324
1831
90675
20437
94649
53118
25671
88071
45563
78771
94998
61243
45481
35591
90711
54677
36793
58182
93573
93944
54449
49499
75639
78704
51852
98230
9785
18474
94628
27557
82291
49951
45739
89317
86739
40387
42434
12409
44810
4348
7532
39807
65591
53012
91749
56301
7689
28541
30834
17613
22484
85282
67112
14474
63986
35315
12703
73770
70140
7331
17678
52430
73633
63416
58098
60372
3802
16883
72780
64963
21231
80311
4769
86821
33323
96517
59473
57363
41409
90306
91327
63892
91940
74790
78365
55925
26456
7420
46046
96596
14750
63723
65377
88382
27138
39827
48753
47291
56709
37885
12254
77939
34547
17022
81111
67869
29891
40583
41583
71299
47241
49262
51543
39180
24051
46259
11456
50507
53678
57501
63454
68427
21223
45182
73161
64712
85008
38265
12002
41717
76149
24255
36007
10696
57629
17118
94916
87519
74052
52851
75169
37644
2112
43063
93175
42514
89322
4630
9372
42999
78482
72825
11426
99704
34359
938
64415
19366
39202
92769
61082
31703
17023
97089
58750
74651
14206
53665
78521
4609
22867
70042
42253
41330
13104
35427
83844
2425
56409
9567
45424
34890
98744
73201
50946
33102
74138
31712
52467
29691
24480
13549
61393
41503
26989
20142
32505
57546
90159
27378
62154
29377
13771
20758
70707
26874
72537
70902
45651
28945
80468
7426
80186
95563
80626
31131
28664
71115
62843
81131
805
87322
11031
78550
45176
54371
98691
94033
11916
5201
37762
90421
34578
51532
27531
5284
94757
67
92537
40407
45363
89356
64184
25548
84919
61161
56679
13582
32275
35873
11064
49432
23194
38446
27981
84722
92816
43023
95106
21083
64576
32867
11504
99153
750
39034
20788
95506
55452
13324
52265
814
2679
16448
26361
3949
77609
99391
17531
26235
35263
44946
92018
74809
83392
19998
75882
76207
79373
70987
97290
43948
20205
25145
43100
37306
80530
80239
32811
35981
9914
1427
36794
28944
34227
79506
32893
28187
95249
66775
54421
30511
11720
46439
21671
95111
82788
97552
87670
78512
84890
1311
22459
21446
26455
81910
58751
23336
62148
7914
59316
72061
9340
12461
17357
59918
8318
50249
88104
3566
17023
58877
50429
28742
21667
72099
40205
20806
86003
27874
99318
87244
45536
38128
8690
71990
20038
67440
95325
98537
75353
70992
86950
1045
83452
4306
60962
8121
54554
65418
11687
87928
24294
78467
16669
62312
50565
56873
99469
52919
1098
98786
40163
46633
36914
48852
34974
73303
16291
46650
71839
7996
17641
75140
9040
17444
79445
86353
25565
50350
51770
53603
38277
92415
32069
71298
71078
98985
44522
70547
51904
45620
85684
92066
8604
38949
57269
43578
12251
89911
90227
442
97906
24220
75581
23297
41663
71378
26002
83579
38079
94123
37181
76356
2890
69249
64005
73967
68234
8526
60865
36489
70497
46549
28554
79101
85497
85822
39030
14100
75732
29256
14541
89990
69827
6473
29638
11490
77850
55639
11420
32281
49762
48601
24988
52651
34201
88992
42969
2434
13869
3834
38922
84366
66734
83827
63466
52230
86000
18847
66329
78084
48102
97221
68073
34281
3694
97710
62122
97895
69701
73541
30175
35814
22141
55162
88464
72694
44153
47784
91479
58022
51617
46753
58739
34702
30579
38556
86932
32931
57402
69612
