3913
2689
4114
2814
684
4341
4397
3879
1428
2979
1210
2839
3191
3732
3592
3688
829
3623
1207
1551
743
850
2632
3733
1726
765
2521
1283
903
4281
3533
3303
3996
3941
1045
1609
4523
45
2677
2449
106
1751
544
2075
2970
3197
2155
1159
854
3841
2624
250
3701
2630
3152
1682
3370
2997
1624
1060
212
565
2258
504
628
1314
4982
1957
124
529
3420
3983
1561
4778
323
4120
467
1665
722
2067
1133
4558
3934
3629
4354
855
3079
2336
1802
3460
4213
4510
1836
1792
2380
719
4119
1679
349
2197
393
2477
234
1359
228
1684
4621
296
1346
2664
4733
4915
554
1816
1111
1197
2688
3835
3474
1363
3759
4995
2373
1183
2642
2690
3876
4295
821
2486
2036
2821
1482
4032
3502
4926
4539
1233
4762
885
4610
2899
98
2773
2640
2210
3637
2766
868
2854
1169
157
626
3585
2776
4976
1720
1717
65
4133
1445
3653
96
1842
4070
1544
3970
764
103
1851
4473
3267
881
3892
1564
2401
527
3639
278
3610
4734
2065
3326
78
362
2028
3780
2217
2059
924
2045
4991
1268
1341
2450
2289
1599
1090
1818
1425
3538
145
3770
1932
3888
4061
89
2857
4228
3971
2912
1930
1848
1297
1106
428
2917
1000
1067
2354
2693
2770
4538
56
717
4608
2359
3896
1345
2969
2611
1335
3865
2592
1120
2046
4395
514
4603
141
3553
1110
3151
199
1365
1507
4604
1135
3671
3058
4808
4598
2739
4280
3665
1849
3659
2518
2694
1155
469
3362
4723
4602
4366
3180
1699
1465
2881
4519
2466
4190
998
1942
3704
433
4722
1709
1984
2673
3146
3355
856
3096
515
3260
814
1576
781
3788
960
4331
448
3627
737
4565
2827
287
4877
871
1852
3746
2047
1690
396
645
1146
4064
762
321
4421
4159
913
481
735
3357
4631
3399
1908
488
4787
3744
3158
1501
1441
866
4075
4435
3244
2721
1292
4140
886
676
2228
4489
4251
4742
4329
4897
3615
1763
3989
1988
2841
4375
3231
3747
1902
208
3403
1636
4815
2802
1954
2375
1832
3776
4368
3798
1487
2735
3265
4749
333
3903
3787
4683
1372
4642
2996
880
1248
3245
3797
429
4699
2082
2183
3504
3808
4458
2578
1072
4569
569
3295
1075
1708
1078
3043
4115
2783
4704
4878
1853
1562
1974
4740
3985
249
4173
3236
4594
2638
2133
4918
1361
3818
3047
1450
1971
3272
1147
4932
904
1947
4129
2593
4418
493
1990
1923
2810
1174
1139
4154
2
845
2838
801
2692
906
1843
2786
3926
2732
4051
4048
787
3509
118
4420
889
4009
2360
4765
2317
3437
2169
2215
4986
264
74
3726
2469
222
3921
3155
3044
2218
2652
4525
1374
3649
4802
843
2467
3154
4613
2204
2298
3785
495
1655
111
749
478
4771
3631
1275
90
3532
3237
2144
2625
726
3027
308
3694
2332
1664
2156
784
3656
4581
4087
3849
751
1029
3748
4814
2955
3993
1242
4364
4306
1192
4741
1342
1791
4194
2584
2726
170
4134
2462
1391
1109
2666
3068
779
4801
3287
2754
820
2164
4649
360
3410
1038
3616
3170
3961
3466
3182
4258
1249
1919
2866
2403
3527
54
2219
2230
2030
4960
3396
4157
2170
3407
3291
2418
4052
2250
797
3033
3686
399
2331
1622
2937
4437
2026
4547
539
3444
3363
1626
254
2062
3582
2764
4627
3430
2396
1884
4226
1325
3987
1742
2412
497
1804
356
4638
4298
15
974
3593
3520
2439
3574
4961
3299
3925
4069
4205
1306
4727
4446
3956
197
4989
2730
1909
1285
2670
980
2529
4077
3991
4356
1002
2370
4811
4497
290
2749
3009
3349
4637
3763
4697
800
1692
2409
4657
24
2211
3973
4612
195
2162
160
4065
2009
1874
3734
4459
3012
2551
3968
40
3351
4745
2196
973
4714
4242
4259
3540
954
4938
2722
985
4953
377
2113
244
2837
3700
2711
1468
1339
2986
1467
4502
3569
4407
1563
1052
1129
2907
3021
4487
2085
3005
3969
687
1001
1201
3772
4088
4904
2099
4700
3209
3359
156
1703
1025
2310
3655
2241
438
2163
1552
4824
2399
117
2032
2116
1886
1490
2124
1764
2123
4859
2083
2545
181
4717
2792
738
2193
3976
439
4238
1138
1059
3554
1892
2667
134
1367
364
1077
1123
1716
948
2492
1193
1446
2985
2165
3843
1360
171
297
1376
301
3738
2100
35
3165
2892
2097
1017
3754
1304
4795
4401
3101
593
2052
3862
3352
2344
1738
4230
1925
351
2768
1898
36
3252
4998
695
1158
888
3599
2339
3446
4944
4556
2562
1108
2998
3469
4812
1577
3179
2865
3361
2695
2744
2132
995
4719
3085
2709
3580
4858
1805
1162
865
2544
387
3438
2516
723
3307
2923
3522
3249
586
332
1527
3511
2307
2209
1208
207
4810
1084
1759
4793
2077
4730
2849
4191
3452
374
217
2559
4392
2446
3914
1704
2944
953
1274
1246
4623
2238
3706
4301
4984
426
2358
4403
335
1271
3646
136
635
531
585
1328
2390
279
25
405
29
1642
330
1789
2308
477
3543
1276
2157
338
981
3455
1610
4837
1875
3789
3513
4616
1648
2089
2172
3117
1896
4672
2956
2070
826
2576
4875
3255
3625
2415
3148
165
2227
4912
1127
4836
2719
4513
2779
2092
3028
3190
2324
647
4611
4668
4188
1293
3539
2867
3884
4969
3866
1430
4342
122
622
158
907
2443
4512
307
3882
4871
2281
2214
1834
4588
93
4655
4035
3822
3271
4297
3160
3199
956
828
2277
3283
571
1373
4716
1559
3832
4257
3782
1616
4305
4307
128
4248
2598
4390
4562
391
1459
892
2199
1410
2976
3264
4196
3422
3308
3121
1543
528
4091
1023
4314
4023
2061
3974
2055
2943
3108
2127
962
2301
4096
2508
835
1632
4654
1649
1461
736
4422
1188
3861
1520
1497
43
4527
2723
52
3893
159
3690
231
4899
4817
666
2064
709
958
1897
4571
3889
2372
862
4273
1677
3240
2330
3579
3498
4020
3184
3223
3936
2236
3669
2953
1294
4692
3828
1987
1394
1890
4967
4146
4763
4038
1323
492
2002
2247
2107
4566
152
3162
4851
2546
2852
404
485
1652
4632
1815
4939
4290
731
339
4946
2320
1489
3528
1641
4635
4111
3111
2326
4019
4431
1388
4285
3687
4054
1053
390
1498
2553
4026
2454
91
3385
4893
22
2428
3948
2151
638
83
909
517
3173
1407
2931
3905
3598
4045
2890
825
3327
3584
4224
3149
2614
4803
3215
4132
4460
63
1536
782
1970
2835
3090
4872
3695
3606
379
2665
849
4041
1606
4570
51
4776
1226
2333
939
2023
2425
2582
3375
1689
769
4718
4423
3783
4688
200
1866
471
4825
2557
4529
2120
4222
2050
1390
3954
421
2192
2115
1117
2832
3572
2651
3262
2479
2528
2672
218
1057
3803
4138
2698
4856
1424
4554
4590
4124
274
2208
972
293
2845
658
1928
3922
3062
2965
3760
3017
3134
2382
3965
700
641
4545
4643
637
1707
1443
2457
506
1693
2223
986
1170
1214
1867
1809
3524
1601
3633
690
1302
462
3275
3103
2834
2203
4427
2260
4284
1998
3830
2154
2853
1400
2322
3590
271
55
2435
516
1184
4662
4402
4319
370
1439
1936
4677
291
1924
1979
108
2152
1518
3709
1171
3323
381
3015
1114
4263
168
4905
4388
3230
403
580
1012
817
4553
1261
1557
588
2049
1749
597
2989
4601
1142
386
4498
3499
4195
4544
4767
4857
1008
2136
2790
1432
375
3551
4862
4135
3654
2898
2364
2765
1420
4567
300
2004
2879
4353
1289
4942
910
3537
1750
1821
2536
2438
2699
238
2805
4367
3392
1571
4282
3010
2275
811
766
534
4001
4639
1455
1153
2990
294
1058
1981
2924
2018
3468
1426
4207
4271
2904
369
836
4470
4370
2056
3820
3986
712
2547
4861
1266
4770
1041
3136
1911
802
3086
3309
2088
187
2108
3910
2988
4246
702
2940
2729
3447
4382
191
4906
446
2145
2029
4018
3040
1748
3156
4376
3967
965
4147
3426
3300
2444
4531
3077
1224
110
4935
2297
4118
610
824
4347
3200
4338
4406
3713
3144
2556
232
2565
3128
2747
4031
2831
1431
1582
2963
252
864
2972
2386
1101
2388
3032
1589
1774
3166
3374
1862
1757
759
3977
456
3943
4014
71
2685
777
3341
268
776
2619
3958
1375
1125
4750
211
3840
4047
4908
2352
1996
1319
4151
978
1660
3202
815
69
4890
1378
3864
2819
536
3877
2713
3860
340
1865
2302
4169
2930
2349
4089
229
2231
126
693
3907
2496
1962
2959
4599
4681
198
2743
1086
3465
2900
793
3052
4316
1404
245
4514
537
1592
1338
148
2882
3482
4320
2515
1965
2982
1066
1145
652
3811
2951
2678
1141
1643
897
4880
4021
3517
3317
3346
3440
848
302
1449
2020
499
1287
28
2595
3235
1770
2110
423
4726
3880
3358
4503
4780
2379
774
1573
3284
680
994
1370
2038
3210
999
1801
1481
4583
3356
3157
3727
1356
1244
3038
2306
1927
3999
3304
2872
758
4988
2329
1387
3221
1905
2357
4122
401
2243
1637
1694
2653
3106
3529
4557
4679
1014
2057
4629
3988
557
2483
991
4073
298
4970
235
2706
2604
3825
3530
979
1505
316
4386
4312
2021
33
482
4805
4656
1119
2436
929
3535
2239
2171
2628
4950
3930
1973
4724
400
2268
2824
3387
724
4374
669
414
3270
1663
4752
2800
2101
2736
3942
2896
432
2160
3138
602
4441
1003
2445
2650
4818
180
3071
1906
4593
983
1630
445
679
2022
3813
714
4879
18
3619
3428
4792
2178
2153
3006
1092
2780
841
2886
3719
896
2489
2348
1645
4540
3918
3506
3981
4321
2121
3072
4186
4081
668
993
2185
4653
1883
1956
2393
3294
3377
2074
2564
579
4676
275
407
3595
943
917
4551
3846
1264
4438
971
66
1495
2353
1068
3724
3013
2031
1822
2381
1509
1252
1460
3083
4585
649
4113
1064
4506
4907
2663
4237
941
2394
4737
3560
2345
1056
4963
3321
4884
2856
3324
540
2774
494
4484
2129
4334
1403
3909
3676
3196
3404
4244
3518
3814
1788
2128
97
4371
1776
4439
3353
4660
3556
4577
4582
686
2975
840
2861
1676
4968
4975
1625
1124
419
4333
2809
853
442
3397
3512
2548
1566
1436
1178
4336
1754
2552
4308
2125
4516
1473
701
3388
470
4189
4493
1618
1831
1696
3109
4028
4079
2251
4618
773
2006
4365
2991
12
3142
172
3960
267
4691
2404
3475
2668
3837
630
4883
2825
1229
532
3429
4584
3806
4274
1982
4797
4462
1107
176
4339
2346
306
3150
3246
1290
1727
3274
2981
1918
2696
3372
2526
1492
4055
210
273
4507
4097
1469
4647
837
727
3869
3451
1063
412
1912
3261
810
1740
4927
2005
4710
783
3801
4313
4979
86
26
2502
2342
545
3507
1584
1284
949
1039
2417
1165
696
3863
3243
4471
2137
1780
1607
1181
334
1157
3614
1415
1429
2072
1516
2166
2249
2599
4067
3286
2623
1627
3232
3609
4158
1051
623
123
1813
2149
1746
2627
4210
654
3617
1888
832
1173
295
1200
2465
14
2259
1728
4843
3809
4846
2830
3016
3242
4622
4609
1845
4560
4192
4057
1231
1131
107
1823
1096
1254
2909
2880
3821
2803
2968
4027
4116
2778
4929
3984
2915
2633
3927
4046
3023
4220
2568
1167
4756
1532
285
2919
3817
4703
350
664
3220
3124
3137
3329
161
4673
2060
1203
3135
1783
3982
678
2574
4595
483
1245
1399
4442
3708
2427
4788
3036
632
3702
2725
1166
383
2829
706
513
155
923
1010
543
2385
3214
584
3381
2563
1904
1719
3823
997
4800
3206
2319
4821
2733
361
3997
2781
3875
4108
4351
1134
1666
950
860
371
4536
466
2572
3566
4379
685
1381
1079
894
2644
1480
331
4648
4461
1614
2617
3293
2517
2615
3885
1827
2327
3269
968
1986
3870
890
2292
1778
739
227
873
1737
2560
3753
2681
3964
3758
4687
1724
4478
1395
2119
2993
146
4025
4430
2590
2581
2741
1870
577
3408
1484
1351
4636
3045
2343
4109
4625
935
3731
1786
2033
2762
3836
2946
4310
4447
1945
742
2248
3992
2949
3963
3874
2769
3698
3020
1022
3434
2674
1872
1409
809
4852
1824
1617
1076
1273
3947
4826
1937
1856
372
2245
4520
1228
4433
1087
4377
4624
2147
744
4385
327
3737
807
2220
901
2679
1091
2793
1020
1061
1105
179
2616
88
3369
1668
3867
4987
48
2983
4813
4323
4404
2833
2510
2753
2242
4874
1525
1483
2587
3198
434
226
1100
3416
2851
2775
1620
4658
4909
2683
3966
2720
2058
990
4078
2366
3826
3978
2873
4072
4141
4853
3800
2000
4983
4690
1695
3459
3786
2411
930
4999
223
1099
3577
3204
4746
3555
336
772
4783
931
502
3485
455
3749
2015
2053
1336
4921
430
1955
13
1006
236
1554
3161
4678
4005
1828
6
3848
3697
1396
914
1347
1104
2397
1343
2987
3290
2111
3029
1296
1383
1136
3544
2657
1185
1615
1654
4030
4197
1519
32
3868
507
1761
1344
465
1263
833
2497
3344
4058
1568
1298
612
1212
2916
1074
4964
2150
2135
34
2822
2235
4574
2934
3130
846
3901
270
2756
2840
1741
535
525
120
839
2707
3386
3549
4480
1938
1223
3139
3026
899
3153
2589
3667
2636
1151
3715
1604
1553
3066
3972
3932
104
4848
114
1808
4650
1238
1393
4799
1503
2897
611
3873
3559
3273
4796
2871
3254
2801
1406
4790
3586
3608
819
2186
4945
570
283
2043
3531
2752
3041
4303
1706
3525
1016
4255
2520
1440
3266
916
1858
3494
799
3123
289
2039
1493
182
879
4363
2575
3413
3297
4782
1718
3441
2577
4325
4605
3630
1491
1055
4143
671
2240
1949
1097
4426
2974
1619
4755
3660
1545
3311
2010
1894
4820
2509
2555
2167
420
1332
3693
614
4488
2490
84
2271
887
204
2609
4017
2705
3484
4291
2928
225
2908
3059
883
900
2398
4279
2472
261
4475
1935
1258
1414
87
1784
4383
266
2580
4895
852
3037
2481
1313
2745
521
1903
3516
1320
214
2724
1421
1517
355
4992
3663
3115
3503
4753
4362
1243
4100
3473
1673
2585
745
4231
2191
1253
2600
3827
1488
4720
2823
1103
3401
1779
1859
474
4015
49
1240
640
2272
3496
409
3858
969
3034
4617
4596
3950
2535
3500
1470
2468
788
4508
4454
1456
1093
2426
4139
4043
3601
4930
4399
3129
3692
2407
345
2143
476
2079
4914
4164
4249
753
3795
2473
280
4966
2442
3722
1260
101
4040
1798
4758
3588
4453
2506
1855
183
1868
505
4126
1031
3100
1196
3935
1149
3373
1128
3082
3929
4137
1885
725
1565
607
3911
1218
4866
5
1651
2187
4549
4791
1777
2942
2063
4002
2760
3587
3056
2254
2071
1222
4586
2807
1300
3322
3147
1349
220
3195
2543
3057
2594
3188
344
491
1239
2363
1569
1812
253
1085
911
2570
2419
2715
50
4892
1310
2356
3366
3464
643
348
2828
1687
3672
3872
1479
795
406
1281
4247
771
3472
1018
175
959
550
2717
915
4465
1647
3852
3389
3542
4630
4429
1762
3334
1773
1686
3185
4457
3081
847
3055
3288
1672
1586
858
2945
2905
2278
3478
1644
4725
707
500
3315
1448
3557
4103
613
568
2687
3620
699
4467
4773
740
2671
3412
318
4326
553
2105
1968
3394
2405
3894
2114
936
4891
3581
2811
437
4580
1854
720
3176
3720
3178
952
3325
1366
4997
311
863
3898
2335
3597
3897
1840
606
2456
2430
1597
4405
3193
1435
1739
3098
1447
1144
4229
1588
2080
3751
2195
4809
1963
422
4033
1994
4757
3611
4095
2383
3159
1209
2362
4156
3093
3891
3433
237
3116
818
4476
1944
1065
3912
2958
4359
2106
1126
3483
2387
3952
556
76
3298
620
4215
248
1494
4785
1977
1931
4004
277
3871
1333
4450
804
768
1418
416
37
3257
2680
4651
4469
944
2843
4165
479
1961
4934
3886
1303
2494
1887
1095
320
4123
169
4628
2846
967
3742
4201
3550
202
4300
823
1205
3802
1548
2283
1288
1043
1050
4080
358
2645
3644
3371
2967
4838
3920
3445
2540
4182
3857
2408
129
4211
4428
4674
3546
3493
4481
4721
2174
2862
2999
675
1327
1653
4694
1081
621
4276
2855
3256
408
70
4372
2019
1364
2637
566
3114
4781
4806
1882
2377
3819
1279
573
1712
2655
1538
2538
4011
2416
2206
2318
4056
1878
1860
4511
4145
2606
4327
1401
1522
3431
2929
3060
4373
4449
1354
4898
2440
2757
2631
3565
4578
411
1837
4212
425
150
1939
1744
1397
4394
3211
1775
2634
3094
792
1204
2622
4440
1235
3140
1745
1474
2384
3545
4842
3251
2261
3641
3750
1766
4412
3980
3600
147
201
1379
341
3224
4110
4705
634
3102
2777
705
1993
639
574
3364
389
4269
1182
4981
945
1985
926
608
4822
4082
3382
263
4206
812
3281
4840
1841
3940
3523
53
3457
67
4358
4665
878
3443
3536
3917
1747
4060
3073
366
1094
4693
3393
564
23
4185
1154
813
2878
4309
79
4956
1015
1202
1308
3774
2148
384
1950
3703
1423
1143
4985
3213
3419
3563
368
1873
3642
3203
1191
1574
3791
2189
2933
3031
4492
1054
1621
2328
2734
3008
2660
4951
1876
219
4509
4084
2086
3436
2482
1556
288
3424
4262
3463
4606
4881
464
1475
2130
1952
4494
1541
3594
1311
2501
2213
472
3186
4287
928
891
3167
1027
2284
3975
2524
2118
757
2400
1433
4003
3564
4828
1082
4012
1570
2782
2432
1256
4393
4130
4
3762
2463
1829
44
1172
418
3957
105
1933
4550
85
3856
2669
2367
1929
1595
791
3605
1140
3400
4633
2875
661
1232
3133
2287
3118
4099
4667
1069
2455
1485
1348
2244
642
3576
4496
4176
2138
397
560
3994
2961
2290
2691
4153
4670
1150
4098
4735
1321
347
1194
542
3302
3648
3883
4738
4957
2569
538
604
869
4391
2566
1211
299
4886
3761
1803
2441
4807
2285
4008
4278
1611
256
1899
2159
2491
728
3192
395
4682
4573
4042
2351
3998
8
1713
59
3505
2459
4864
2205
4387
2078
2906
2246
1225
2980
4882
2978
209
1317
2478
4958
1951
3834
3793
2954
551
530
162
2588
1731
3571
4534
2013
73
2661
1
2763
1121
2229
704
487
451
4203
131
3736
2738
61
4245
4876
203
1658
2820
4294
3350
1960
4834
4380
2714
3076
867
4564
4652
1596
1499
4260
1511
618
3567
1989
4823
4696
2618
703
3285
1533
3163
2447
3218
309
1199
3395
844
2374
1980
4414
1116
3979
1817
2094
4174
206
3063
4923
353
4789
3489
3172
4066
4592
2474
2488
130
4239
1864
715
1863
4563
441
4706
1547
68
2914
519
4092
58
3959
3681
3259
2921
2140
4086
2816
691
2122
1795
1833
4452
4887
1730
1180
2789
3442
3488
139
2112
4272
942
3174
3064
1040
805
4198
1542
365
644
4286
1698
987
603
3923
4841
2096
2269
1334
480
1794
1309
1721
3562
1398
2350
2629
4920
2504
4870
3402
1198
443
1177
4171
4849
459
2314
2225
591
951
3851
589
763
4736
1567
4931
1152
4200
468
617
7
304
2288
4346
1371
4644
1910
132
4107
313
3677
3650
3342
1711
4894
650
1734
3573
3790
2081
4769
730
2639
224
3316
3831
436
4474
937
1667
4589
3906
1826
2117
2603
2654
4083
3939
2303
721
1921
2207
4924
615
2464
1500
601
3212
3816
4223
600
19
3735
205
2731
3652
4707
1972
1331
4761
415
133
38
3796
4686
4477
4267
1560
1013
1758
4675
1295
4216
4614
1028
2797
4166
4744
2093
3219
4517
3448
3838
976
1671
1270
4275
312
2542
561
2960
4181
4528
4568
2233
3768
4381
2361
3384
2068
143
1161
1850
898
3168
2173
3238
4980
989
3454
102
3602
2571
3514
3461
4250
1282
1250
1272
4591
908
3804
127
2273
2076
4155
1419
1681
780
2992
326
3222
2480
1115
842
4685
1889
4268
185
3319
2313
192
1026
3127
4937
4408
662
3143
1771
3354
619
269
213
4533
3049
354
3668
3099
1785
1810
1221
510
4543
4425
1102
3411
3347
149
3741
3333
2957
81
1073
2539
2027
4479
2300
3908
3622
4304
1861
1122
1723
2091
4804
363
3638
1042
2256
3051
80
2034
509
1234
755
3962
1964
3427
4572
2104
3807
4243
1062
3812
1277
2325
4389
4029
1241
2421
3189
2859
1657
380
2347
688
1179
4352
3658
563
3024
461
2505
4289
4996
3718
3418
1216
3301
2710
151
2406
3171
3348
4850
42
2913
3949
2586
3589
1691
1958
3519
559
3458
3075
4626
4121
194
1528
2740
4916
3462
2788
523
449
4731
4903
1683
1807
1913
718
2612
627
3332
1953
803
1948
2662
1735
2748
3850
1659
4760
874
3657
562
484
3095
2887
624
2813
4794
3666
3900
1411
3497
2676
3054
4575
4485
1413
4445
4288
3845
173
1768
4162
382
4434
2280
2176
716
2868
932
4167
2262
4444
927
112
109
4798
4093
233
3847
3684
2817
798
508
4867
2184
2433
1975
2201
1881
2848
1385
1247
648
1163
1702
4515
4253
1608
1220
3089
4270
4090
992
1259
1546
4500
3336
1438
1877
594
4708
1236
2270
1315
567
1593
2475
4729
3951
2024
3383
2338
3624
2431
2530
2901
3771
4396
163
3705
427
77
1405
1389
786
4661
590
761
1940
747
1926
3651
3432
2495
4378
4170
3842
4772
2826
4360
3092
4830
2712
659
2641
3405
1504
1089
3435
3779
3339
4739
1257
1811
4954
4302
655
2549
3675
4743
486
4179
3003
1044
1705
4855
1767
2291
189
1080
57
756
137
3805
3087
1838
4816
895
2295
1377
2877
60
4955
4555
4332
4112
1502
2804
3815
4000
94
4102
4552
1743
1357
1602
2294
4436
4101
4039
884
1583
552
872
1305
3568
473
1049
3328
2323
243
741
4150
3035
2796
2267
4343
2558
3292
2001
3125
3187
4522
1736
1524
4495
4537
305
3022
4221
2017
3280
4728
444
1098
3208
2635
3661
30
3314
4330
2893
3561
1997
1355
2458
3380
2927
2864
1168
2818
1454
2485
142
2413
3591
2253
4369
4936
3131
1879
1629
4024
2704
188
1847
3799
4766
4144
1991
4847
581
572
4236
4283
3853
460
276
3691
4640
3025
2869
961
3132
2042
16
3632
667
3050
4168
2012
1457
4922
2962
1752
2728
4680
3011
359
2493
3201
1967
378
3088
711
2771
3765
2041
4464
851
2541
1769
1032
1227
955
2932
729
4532
4034
2597
4990
3486
2234
3699
4689
125
1895
3730
1580
1920
4335
1900
4175
95
827
1307
2607
3061
1477
4209
1578
1262
3398
3945
2608
452
367
3664
3583
4664
3919
1612
2276
4759
4600
2815
4561
3784
3953
2550
4085
575
4218
3360
3007
4521
794
3250
2054
2266
4317
2787
167
4747
1670
3340
2948
2424
3603
4344
2500
64
2237
2759
166
1434
3378
4160
2533
3450
1506
435
75
3548
4463
988
4006
3409
698
2095
599
2451
2139
2656
2378
767
526
4777
2460
2279
1549
670
1213
4010
190
2977
1729
4646
1402
1004
4448
1071
2885
595
1715
3439
4491
1555
4256
3018
1914
3743
4296
2434
1631
4199
4535
3696
1941
1638
4292
1959
2182
977
4411
3944
3477
2175
3248
583
750
1756
1453
4424
4152
4062
2035
216
3685
2995
193
4928
4357
4225
4518
1215
875
284
498
629
1175
4148
1675
4827
2073
82
2613
963
876
2391
1514
2177
325
475
1515
4071
734
1916
260
1662
3740
4234
272
1340
4865
4184
259
315
342
4702
3164
2601
4619
4340
4669
2925
140
1047
385
2134
3647
258
587
2727
2011
3080
4232
4240
775
4410
4456
4214
2659
4835
2141
410
4941
431
2395
3899
458
2221
808
1558
905
4634
3946
4889
3673
3662
1857
933
3414
453
1688
746
1685
4524
2255
3084
1137
3643
1030
398
2103
4063
2971
3766
1362
282
2964
3618
2286
1943
3712
4844
4764
682
1318
732
3931
1386
3000
512
2315
1575
625
1869
3320
2448
1442
2703
1639
2337
1999
1539
1579
3476
2305
3233
789
1118
1324
3312
2168
1048
1893
3004
4178
547
4860
1799
2903
503
2626
3764
3745
1350
3711
3417
3330
329
153
1835
2037
2950
3110
3120
3487
3467
2341
831
697
2513
1797
2340
4409
1035
3716
4264
2847
653
2561
548
4104
2200
1070
3365
4659
454
3335
1005
549
317
1656
4486
240
1326
1830
3169
830
2926
1316
2646
1969
2025
2523
2772
292
1451
246
3933
3729
2750
490
3521
1978
3289
4315
3471
4451
2891
4299
4036
674
2884
1392
1540
3725
2567
138
4163
1917
2941
2742
1206
4233
1019
3679
1380
1680
947
4505
4684
2098
3613
1697
1529
2232
984
2202
3019
3282
324
4972
4204
2048
710
3955
1976
3604
2126
4413
3277
2470
4896
1186
2939
1217
4472
3065
3492
2514
3674
1132
3107
3541
946
3338
3229
3781
4933
262
2161
4910
99
3752
1710
4948
1417
2534
4559
2309
616
3470
3177
1280
3887
3337
1472
2812
770
3002
882
934
3824
314
4671
3916
1825
178
663
2842
3390
708
1535
646
1725
1112
4068
328
633
3042
4501
319
2537
1701
4978
4885
1880
4483
3067
3217
3904
4774
1800
4732
4901
4919
1330
3689
2158
3112
1819
1148
1523
2389
3234
2700
3895
3391
1628
912
2044
555
3313
2188
10
4265
2293
4869
3508
4504
373
1531
3278
303
870
2392
1427
1486
2222
113
20
1113
4698
4337
3924
3490
2226
3636
4712
72
4172
3990
2895
3305
3122
2090
2994
255
3491
3216
4888
154
184
1024
925
4136
2850
2621
3854
1581
4443
1416
2422
5000
196
3628
3074
1265
816
1753
4962
394
221
2799
2265
3723
4415
1983
3367
2701
2876
1603
3423
2007
660
2755
2368
2532
4266
1772
2889
4751
605
3937
2423
609
2181
2984
41
692
806
2573
3104
3794
1009
4208
4161
3078
4819
1329
3479
3247
4416
4187
4049
2069
2311
3855
1278
2791
3030
4311
3406
3680
713
3640
733
4127
1036
2487
2299
2746
4355
970
3481
4829
100
3938
1437
3670
4779
694
2179
681
2263
2402
677
3141
1046
1594
2973
2420
3097
4117
346
2888
239
636
2911
2142
2312
919
4713
966
1369
1033
2471
1255
1613
1353
1510
752
2355
3480
3769
511
4863
1600
1187
1598
1412
4241
115
3728
3
4695
3456
2784
241
2602
4183
3755
4913
1846
3181
2224
337
3376
3241
1537
1591
251
3645
2647
2648
1269
2751
4645
1462
2190
2109
1195
2321
533
3119
2938
1922
3449
1466
4839
1037
2863
4007
4125
501
1623
4775
3069
1534
2883
4128
4053
3039
861
1299
3634
1337
4832
3833
4868
2920
2579
4541
2507
4917
790
4400
4546
4131
2708
1995
2922
3276
2531
62
4542
2376
2894
402
247
541
4348
4466
4217
996
4873
3227
785
1034
343
3379
3575
2758
1301
4715
3714
3145
4711
520
357
121
3621
4579
2918
3126
3515
3368
4530
1633
417
4754
322
2316
4361
3810
558
4902
2503
3626
578
1512
3207
3839
3757
2369
921
144
4597
1572
4345
3510
4016
1358
286
1793
3547
2675
4786
4641
673
1787
2008
4940
457
2499
1733
2131
46
3091
2583
4022
1496
2511
4973
2874
4526
3995
186
4350
3425
4548
3878
1452
1871
116
4261
2274
2910
1267
3225
922
2040
310
4044
1966
4959
3183
3775
1422
1476
3707
4398
4219
2212
4784
2498
4845
4322
3310
4037
1164
1590
1732
3495
2554
11
3194
3501
522
3343
3756
3607
2936
4013
376
859
3717
3596
447
230
3683
1478
2198
2767
2858
424
3070
2966
1765
1901
796
1021
582
3331
4227
1714
3792
1781
4499
1083
2605
3263
496
2527
1844
4977
1189
135
4074
4328
1634
352
1526
4748
2365
2180
2836
1251
1237
3710
392
1640
4142
4318
4965
596
2484
1368
2264
47
3570
2452
1312
672
4949
2620
3053
4833
4974
92
2591
1011
2410
4831
1219
2718
4277
4468
938
1458
4615
2066
2794
3014
1352
2686
119
4993
3682
2798
3226
4854
3928
4293
4202
3902
1946
3415
2146
689
2429
4994
4952
982
2476
1471
964
1674
1463
2304
4911
3526
3678
3778
242
4105
4254
4417
450
857
2596
598
2519
21
174
2649
1521
4059
748
1007
1907
2716
2051
2795
4947
3175
1550
3453
2437
656
2684
2257
4349
3552
1700
3881
2737
2806
2334
2414
2844
257
177
683
1820
3105
1291
2453
1646
4324
164
1508
2643
1230
2870
215
1408
4607
2461
2610
3890
3578
4094
4050
760
1782
518
3113
1160
838
3258
524
3253
4620
4709
2216
2525
1513
3915
2947
2697
2952
3721
3239
3859
3001
651
957
9
4971
3296
4106
1088
1669
822
3558
546
4663
1915
2084
1796
754
2702
1678
1322
3829
489
778
17
1176
1839
1605
3739
39
1587
1755
918
2252
4076
920
1444
2522
2785
2808
940
1384
975
27
631
4768
4432
1464
4180
834
4701
1814
4252
4177
413
2761
3777
2102
1806
2512
3345
4666
463
1992
2282
2371
1382
3228
2860
440
2003
3046
3844
1130
1190
4149
2016
1635
3268
1891
4943
3534
4925
1934
4235
3635
265
3048
4490
4482
3612
4576
4900
2087
3767
2014
2296
3205
1760
665
2902
657
1650
3773
4455
31
2682
1722
281
893
4384
877
902
3318
592
1530
576
3421
3306
1156
1790
2658
1286
4193
4419
3279
1661
1585
2935
388
4587
2194
