99991
99991
99987
99965
99962
99956
99947
99944
99936
99928
99921
99901
99872
99836
99835
99829
99826
99791
99782
99747
99739
99723
99718
99709
99705
99705
99705
99704
99688
99687
99685
99682
99665
99658
99656
99656
99642
99628
99623
99619
99618
99613
99604
99600
99588
99586
99574
99552
99529
99486
99482
99478
99454
99445
99444
99443
99441
99438
99433
99426
99412
99400
99397
99376
99354
99347
99339
99325
99315
99309
99307
99301
99292
99284
99284
99279
99271
99270
99269
99260
99256
99250
99233
99210
99191
99173
99156
99112
99100
99098
99092
99084
99083
99068
99066
99059
99049
99041
99039
99018
99015
99009
99001
99000
98994
98993
98989
98984
98976
98948
98941
98940
98938
98930
98922
98917
98913
98901
98900
98888
98874
98870
98864
98862
98847
98814
98812
98810
98802
98795
98794
98784
98747
98746
98721
98699
98653
98634
98632
98630
98625
98622
98606
98595
98586
98585
98585
98579
98558
98551
98540
98520
98512
98511
98506
98491
98489
98465
98459
98456
98452
98444
98436
98434
98424
98401
98385
98383
98381
98380
98365
98362
98355
98323
98320
98313
98313
98285
98285
98280
98257
98257
98238
98231
98228
98227
98224
98224
98187
98186
98186
98179
98171
98161
98148
98138
98136
98130
98124
98121
98105
98084
98043
98030
98024
98017
98011
97999
97987
97979
97959
97956
97947
97945
97942
97942
97935
97924
97904
97899
97889
97872
97864
97850
97814
97814
97802
97798
97796
97795
97791
97772
97766
97764
97764
97759
97757
97752
97750
97746
97724
97722
97717
97697
97692
97682
97678
97664
97661
97655
97654
97647
97636
97617
97611
97596
97594
97576
97574
97570
97564
97559
97534
97521
97490
97487
97476
97467
97463
97450
97438
97437
97431
97416
97382
97337
97333
97325
97323
97316
97307
97276
97275
97273
97248
97207
97207
97205
97202
97195
97193
97170
97162
97131
97116
97091
97088
97082
97077
97051
97048
97016
96988
96984
96965
96937
96935
96931
96923
96919
96917
96909
96888
96881
96875
96868
96831
96827
96807
96782
96772
96752
96750
96745
96739
96724
96717
96709
96707
96705
96705
96705
96704
96699
96691
96686
96683
96676
96646
96646
96642
96642
96640
96639
96585
96574
96567
96556
96555
96553
96551
96526
96519
96518
96517
96515
96506
96495
96480
96454
96430
96426
96421
96400
96388
96372
96362
96332
96331
96331
96329
96328
96317
96295
96292
96285
96257
96254
96229
96221
96210
96203
96196
96192
96191
96188
96168
96142
96139
96110
96098
96085
96083
96076
96062
96050
96050
96037
96037
96035
96029
96024
96013
96010
96006
95993
95967
95962
95960
95942
95935
95935
95927
95922
95919
95918
95910
95910
95896
95882
95866
95865
95863
95838
95836
95831
95831
95830
95826
95822
95819
95813
95773
95773
95745
95745
95744
95743
95735
95727
95717
95708
95707
95700
95680
95670
95669
95582
95582
95564
95543
95535
95531
95526
95525
95514
95513
95495
95492
95489
95456
95447
95427
95425
95422
95405
95404
95403
95401
95396
95384
95362
95340
95339
95339
95319
95317
95303
95284
95284
95270
95268
95253
95232
95231
95213
95162
95152
95149
95146
95142
95140
95137
95112
95091
95087
95064
95062
95050
95046
95040
95021
95019
95010
94967
94963
94946
94934
94932
94924
94921
94916
94911
94908
94906
94906
94905
94902
94878
94870
94867
94862
94856
94842
94829
94823
94792
94772
94769
94768
94758
94747
94745
94702
94698
94669
94663
94661
94658
94648
94645
94625
94614
94612
94603
94597
94572
94567
94554
94539
94537
94525
94522
94521
94505
94503
94503
94501
94494
94489
94475
94472
94446
94443
94426
94414
94413
94392
94387
94381
94380
94375
94353
94349
94344
94335
94318
94316
94309
94307
94281
94269
94243
94234
94228
94219
94214
94203
94196
94174
94142
94133
94108
94103
94085
94072
94067
94060
94059
94053
94047
94035
94021
94017
94014
94012
93991
93991
93970
93957
93952
93950
93949
93947
93945
93902
93888
93879
93877
93846
93826
93823
93818
93809
93805
93795
93782
93775
93773
93756
93734
93724
93716
93706
93669
93657
93656
93605
93604
93604
93600
93573
93571
93515
93509
93506
93503
93490
93484
93467
93457
93453
93429
93428
93425
93421
93407
93405
93383
93361
93331
93330
93326
93300
93299
93292
93282
93266
93256
93249
93246
93238
93231
93225
93221
93215
93211
93198
93192
93180
93159
93148
93131
93127
93119
93107
93106
93106
93066
93064
93059
93032
93020
93016
92973
92970
92970
92966
92964
92954
92945
92941
92940
92929
92926
92926
92924
92918
92915
92914
92906
92906
92905
92899
92893
92886
92872
92861
92849
92843
92834
92829
92825
92816
92808
92786
92785
92784
92777
92765
92750
92738
92730
92729
92724
92723
92719
92711
92708
92706
92702
92697
92692
92687
92671
92663
92662
92650
92649
92648
92561
92547
92543
92523
92513
92506
92488
92454
92448
92427
92421
92418
92408
92395
92362
92356
92352
92321
92320
92319
92319
92316
92305
92291
92257
92255
92244
92229
92220
92198
92193
92177
92164
92150
92113
92107
92107
92107
92100
92095
92095
92092
92092
92075
92068
92065
92063
92044
92041
92041
92028
92006
91998
91996
91989
91976
91972
91969
91965
91952
91951
91948
91947
91915
91913
91901
91893
91886
91830
91823
91778
91773
91760
91758
91747
91724
91707
91689
91687
91683
91678
91668
91661
91644
91643
91642
91635
91629
91620
91602
91579
91571
91540
91527
91517
91498
91471
91467
91461
91459
91427
91423
91399
91395
91387
91374
91355
91344
91334
91334
91317
91311
91308
91282
91278
91267
91266
91251
91237
91217
91208
91194
91172
91163
91158
91143
91138
91117
91099
91097
91092
91082
91080
91071
91063
91051
91035
91025
91012
91005
91004
90985
90982
90978
90975
90972
90938
90925
90891
90879
90871
90861
90846
90838
90832
90805
90793
90792
90781
90780
90771
90746
90732
90722
90704
90696
90687
90683
90665
90658
90648
90648
90638
90637
90634
90634
90634
90622
90613
90589
90583
90578
90558
90558
90537
90531
90526
90517
90496
90493
90492
90477
90473
90457
90454
90443
90439
90438
90430
90425
90411
90401
90399
90378
90375
90374
90372
90369
90368
90350
90346
90345
90332
90328
90326
90298
90278
90274
90259
90227
90225
90199
90185
90168
90165
90160
90154
90145
90132
90122
90121
90112
90109
90085
90078
90044
90044
89989
89987
89986
89968
89966
89964
89961
89950
89948
89917
89891
89868
89864
89855
89851
89848
89838
89836
89835
89821
89805
89788
89786
89780
89747
89737
89715
89688
89686
89676
89675
89673
89669
89664
89662
89653
89646
89641
89632
89627
89604
89603
89586
89549
89545
89539
89535
89532
89487
89486
89470
89469
89466
89464
89457
89457
89451
89451
89448
89431
89403
89393
89377
89352
89338
89289
89280
89272
89263
89260
89252
89251
89240
89229
89220
89217
89163
89138
89128
89120
89113
89112
89111
89111
89105
89101
89089
89056
89048
89042
89041
89036
89029
89019
88981
88968
88964
88947
88936
88927
88925
88918
88908
88895
88892
88854
88849
88839
88828
88813
88808
88800
88784
88770
88767
88754
88749
88732
88718
88690
88668
88658
88656
88608
88606
88598
88566
88560
88544
88543
88539
88528
88515
88513
88498
88489
88477
88476
88468
88420
88418
88411
88398
88368
88363
88354
88339
88332
88331
88330
88323
88309
88281
88270
88268
88260
88260
88253
88236
88228
88228
88227
88200
88190
88176
88166
88145
88117
88098
88096
88085
88084
88075
88072
88066
88059
88052
88039
88022
88018
87979
87975
87969
87946
87942
87915
87901
87886
87885
87879
87873
87870
87863
87860
87852
87840
87833
87827
87804
87786
87768
87711
87707
87703
87694
87690
87671
87671
87653
87633
87609
87604
87587
87571
87565
87556
87553
87548
87539
87537
87527
87520
87514
87499
87491
87478
87454
87453
87452
87443
87422
87393
87379
87371
87366
87358
87357
87356
87343
87341
87340
87331
87316
87298
87278
87275
87272
87269
87268
87263
87259
87238
87224
87211
87199
87177
87151
87125
87123
87119
87113
87107
87101
87095
87088
87084
87081
87071
87057
87055
87052
87038
87036
87031
87020
87016
87001
86988
86985
86979
86977
86955
86933
86930
86890
86889
86887
86879
86878
86874
86865
86850
86841
86840
86837
86830
86809
86805
86801
86800
86796
86796
86794
86784
86780
86764
86764
86716
86697
86613
86611
86599
86590
86589
86566
86566
86558
86542
86530
86526
86518
86515
86511
86496
86495
86493
86488
86484
86484
86466
86452
86440
86434
86432
86427
86423
86386
86385
86381
86378
86353
86343
86338
86312
86308
86299
86293
86273
86262
86260
86255
86224
86219
86213
86190
86178
86177
86172
86164
86158
86152
86091
86081
86078
86077
86077
86073
86060
86051
86047
86041
86015
86002
85993
85991
85986
85960
85954
85952
85939
85939
85920
85910
85903
85899
85881
85869
85866
85864
85863
85830
85828
85824
85802
85802
85777
85762
85739
85726
85721
85670
85669
85656
85646
85634
85633
85631
85617
85609
85558
85537
85533
85523
85521
85501
85495
85493
85487
85480
85472
85470
85470
85463
85462
85452
85444
85432
85428
85421
85408
85404
85402
85381
85352
85350
85339
85333
85289
85279
85279
85268
85259
85253
85251
85244
85237
85230
85216
85216
85211
85174
85168
85164
85152
85141
85118
85113
85111
85103
85094
85088
85086
85042
85040
85037
85036
85016
85004
84995
84970
84967
84955
84952
84947
84908
84906
84895
84873
84858
84846
84836
84796
84782
84777
84770
84766
84745
84739
84720
84719
84714
84707
84699
84682
84681
84674
84652
84651
84641
84640
84635
84633
84614
84609
84606
84587
84578
84574
84570
84555
84554
84520
84516
84504
84503
84487
84482
84471
84463
84460
84454
84453
84444
84443
84440
84422
84403
84403
84392
84388
84384
84369
84368
84354
84350
84345
84333
84320
84317
84313
84303
84297
84296
84289
84265
84251
84249
84244
84236
84231
84230
84225
84224
84215
84210
84208
84206
84197
84180
84172
84156
84155
84147
84145
84139
84138
84137
84110
84104
84084
84080
84052
84032
84029
84024
84011
83994
83993
83992
83984
83958
83957
83925
83901
83882
83882
83881
83871
83864
83861
83858
83851
83843
83834
83826
83818
83795
83791
83784
83774
83771
83765
83760
83754
83749
83747
83730
83724
83719
83689
83669
83649
83617
83606
83599
83597
83571
83565
83552
83549
83536
83534
83519
83509
83490
83489
83470
83469
83465
83453
83428
83411
83407
83404
83403
83401
83390
83382
83382
83381
83369
83343
83333
83328
83328
83290
83268
83254
83247
83244
83240
83238
83216
83213
83213
83182
83176
83170
83168
83165
83153
83150
83145
83144
83130
83126
83119
83118
83116
83115
83110
83079
83071
83054
83044
83027
83018
83016
83011
82994
82988
82969
82956
82951
82949
82948
82944
82930
82923
82921
82908
82899
82893
82874
82871
82863
82849
82842
82823
82814
82805
82801
82789
82732
82729
82724
82717
82708
82707
82689
82671
82671
82633
82633
82632
82629
82616
82615
82604
82601
82593
82587
82540
82523
82503
82497
82489
82485
82482
82474
82473
82464
82445
82436
82434
82424
82422
82406
82389
82385
82360
82356
82350
82342
82333
82329
82323
82322
82300
82299
82294
82284
82274
82272
82269
82266
82247
82234
82228
82215
82212
82192
82188
82184
82164
82163
82150
82139
82131
82129
82120
82108
82073
82071
82070
82058
82028
82012
81993
81993
81985
81975
81947
81924
81919
81896
81893
81882
81878
81867
81852
81841
81840
81840
81825
81825
81811
81809
81804
81789
81773
81763
81757
81748
81730
81725
81686
81680
81667
81664
81660
81654
81641
81628
81613
81613
81590
81565
81548
81544
81533
81532
81524
81519
81519
81517
81516
81499
81456
81452
81450
81446
81442
81435
81434
81430
81419
81414
81404
81396
81392
81390
81380
81376
81374
81340
81325
81318
81310
81288
81254
81233
81227
81200
81190
81185
81167
81149
81133
81132
81129
81113
81109
81107
81106
81105
81095
81080
81079
81071
81059
81039
81024
81012
81012
81002
81002
80997
80996
80991
80984
80984
80983
80978
80977
80964
80959
80952
80950
80947
80941
80932
80926
80915
80893
80860
80855
80847
80830
80827
80821
80814
80808
80802
80793
80784
80770
80761
80745
80741
80725
80715
80689
80661
80653
80649
80638
80632
80624
80620
80614
80602
80602
80600
80595
80589
80578
80569
80563
80560
80559
80555
80549
80538
80523
80518
80473
80455
80449
80448
80410
80401
80392
80358
80339
80333
80328
80321
80308
80281
80249
80240
80222
80216
80203
80200
80181
80159
80132
80102
80098
80092
80082
80077
80073
80068
80056
80052
80031
80018
80010
79996
79982
79979
79964
79960
79959
79955
79943
79926
79920
79915
79906
79860
79846
79841
79841
79833
79822
79822
79785
79771
79758
79735
79735
79733
79720
79705
79690
79661
79641
79636
79622
79602
79599
79593
79586
79556
79555
79553
79538
79485
79459
79443
79441
79427
79427
79413
79380
79363
79361
79350
79344
79338
79329
79318
79311
79309
79305
79304
79292
79281
79273
79273
79261
79250
79242
79229
79228
79216
79201
79190
79187
79187
79184
79184
79179
79179
79173
79172
79169
79167
79166
79164
79150
79135
79126
79122
79104
79088
79075
79064
79064
79052
79049
79045
79037
79015
79004
78988
78958
78956
78952
78938
78936
78932
78932
78928
78923
78921
78916
78916
78910
78905
78880
78877
78864
78864
78859
78853
78825
78825
78818
78793
78791
78780
78765
78754
78745
78739
78739
78717
78711
78711
78706
78702
78700
78676
78675
78675
78666
78665
78652
78600
78568
78563
78552
78537
78500
78497
78484
78479
78476
78393
78387
78379
78326
78320
78307
78306
78304
78301
78295
78286
78274
78274
78259
78216
78209
78206
78196
78189
78185
78183
78183
78173
78164
78160
78110
78107
78104
78099
78085
78081
78065
78062
78058
78058
78057
78020
78013
78011
77985
77982
77976
77954
77943
77939
77935
77931
77917
77904
77894
77892
77882
77879
77865
77848
77836
77834
77833
77831
77806
77793
77763
77762
77748
77747
77735
77728
77710
77707
77706
77701
77692
77684
77679
77664
77652
77610
77609
77602
77589
77585
77584
77575
77544
77540
77525
77516
77512
77510
77502
77482
77467
77463
77445
77410
77378
77377
77372
77360
77336
77291
77289
77285
77277
77261
77261
77243
77235
77226
77225
77219
77211
77206
77202
77193
77192
77169
77156
77120
77119
77118
77114
77093
77081
77054
77050
77049
77047
77032
77031
77022
77011
77009
76982
76981
76962
76937
76934
76924
76922
76920
76915
76912
76906
76902
76897
76873
76872
76856
76838
76822
76810
76790
76789
76767
76754
76737
76734
76733
76727
76702
76698
76689
76688
76663
76654
76620
76620
76618
76617
76607
76604
76602
76590
76583
76568
76565
76564
76554
76544
76540
76513
76509
76494
76468
76465
76464
76443
76440
76435
76421
76419
76417
76395
76385
76378
76345
76339
76324
76308
76306
76289
76271
76191
76183
76167
76163
76150
76147
76127
76117
76113
76112
76107
76099
76091
76064
76058
76058
76054
76052
76049
76041
76033
76032
76019
76008
75992
75985
75983
75970
75951
75938
75934
75915
75908
75889
75887
75875
75874
75862
75859
75843
75826
75808
75804
75798
75796
75796
75795
75791
75779
75775
75772
75762
75758
75736
75700
75686
75680
75669
75653
75649
75638
75629
75624
75623
75615
75609
75601
75597
75581
75564
75564
75549
75549
75547
75527
75518
75513
75513
75512
75510
75496
75496
75490
75486
75476
75475
75471
75462
75450
75447
75446
75439
75434
75427
75416
75404
75399
75383
75379
75370
75355
75344
75338
75336
75335
75327
75320
75308
75305
75304
75297
75291
75255
75228
75214
75209
75205
75189
75188
75168
75144
75141
75128
75126
75126
75118
75109
75098
75095
75079
75072
75065
75064
75054
75047
75045
75018
74993
74991
74986
74979
74974
74957
74942
74934
74917
74891
74890
74890
74884
74880
74861
74845
74844
74836
74825
74816
74811
74781
74759
74753
74752
74744
74713
74713
74710
74675
74667
74660
74659
74646
74641
74641
74620
74606
74603
74593
74581
74564
74563
74512
74472
74470
74465
74465
74462
74458
74419
74403
74393
74375
74358
74356
74347
74333
74323
74307
74291
74287
74284
74253
74218
74189
74171
74151
74147
74137
74125
74123
74121
74052
74049
74045
74042
74037
74033
74027
74017
74007
74006
74002
74001
73994
73991
73986
73968
73966
73962
73943
73921
73900
73896
73860
73851
73847
73840
73838
73819
73812
73806
73797
73769
73766
73759
73755
73741
73736
73733
73712
73711
73697
73694
73688
73686
73674
73639
73637
73635
73634
73626
73597
73591
73591
73588
73577
73546
73533
73532
73527
73524
73493
73492
73491
73460
73445
73436
73415
73412
73401
73401
73392
73391
73382
73372
73349
73345
73339
73323
73317
73310
73305
73274
73247
73239
73213
73202
73195
73149
73147
73134
73133
73125
73122
73114
73110
73109
73102
73098
73088
73078
73072
73072
73071
73006
72971
72970
72967
72953
72949
72947
72946
72928
72914
72905
72895
72877
72873
72870
72850
72844
72835
72814
72813
72812
72812
72811
72806
72800
72795
72792
72787
72762
72744
72744
72740
72737
72724
72710
72696
72649
72647
72645
72632
72620
72619
72610
72593
72590
72588
72581
72570
72567
72531
72524
72493
72470
72462
72454
72426
72414
72394
72390
72370
72361
72357
72350
72349
72311
72310
72303
72297
72286
72281
72280
72269
72258
72243
72238
72206
72198
72195
72191
72181
72177
72146
72130
72111
72108
72103
72094
72093
72079
72056
72053
72051
72050
72027
72019
72009
71997
71980
71948
71932
71928
71922
71915
71907
71898
71895
71888
71882
71879
71849
71847
71833
71829
71799
71793
71787
71785
71782
71775
71770
71763
71752
71734
71705
71691
71683
71669
71656
71645
71641
71635
71632
71618
71611
71594
71594
71592
71573
71568
71566
71556
71554
71534
71534
71501
71499
71487
71465
71455
71411
71404
71402
71379
71379
71366
71346
71338
71316
71306
71302
71291
71288
71284
71280
71256
71248
71240
71235
71231
71217
71208
71186
71141
71130
71101
71099
71091
71076
71058
71051
71051
71038
71032
71024
70999
70997
70994
70988
70980
70969
70969
70961
70952
70947
70947
70939
70934
70930
70916
70912
70910
70899
70857
70837
70836
70836
70835
70809
70803
70792
70787
70787
70746
70729
70722
70718
70714
70693
70688
70680
70664
70626
70624
70617
70617
70610
70597
70581
70580
70572
70567
70549
70547
70514
70506
70497
70496
70489
70487
70484
70480
70451
70450
70448
70426
70426
70425
70420
70408
70400
70358
70351
70345
70345
70342
70331
70315
70284
70272
70237
70231
70217
70215
70203
70200
70190
70186
70183
70167
70161
70156
70147
70139
70131
70130
70126
70120
70107
70105
70086
70085
70067
70061
70043
70038
70012
70010
69980
69978
69966
69963
69941
69933
69887
69887
69881
69830
69825
69815
69804
69785
69778
69777
69745
69740
69740
69734
69694
69684
69678
69673
69670
69640
69631
69600
69594
69593
69570
69567
69566
69552
69548
69547
69517
69503
69487
69487
69454
69450
69435
69397
69360
69359
69353
69341
69317
69302
69286
69285
69265
69243
69230
69215
69211
69208
69199
69199
69199
69190
69188
69185
69121
69112
69109
69106
69106
69088
69078
69056
69056
69056
69054
69044
69039
69030
69002
69000
68997
68978
68957
68954
68946
68933
68933
68925
68922
68915
68907
68907
68880
68852
68847
68846
68835
68809
68806
68794
68782
68771
68767
68754
68737
68725
68714
68681
68660
68650
68645
68641
68610
68587
68581
68572
68567
68558
68552
68550
68509
68501
68496
68492
68478
68470
68464
68445
68433
68429
68424
68403
68381
68378
68372
68319
68308
68291
68288
68286
68253
68251
68247
68241
68223
68204
68191
68190
68184
68174
68169
68162
68158
68150
68146
68141
68137
68136
68128
68126
68106
68095
68087
68072
68072
68066
68066
68057
68024
68011
68000
67988
67973
67967
67966
67944
67943
67940
67927
67917
67884
67879
67860
67857
67856
67838
67830
67829
67827
67826
67818
67816
67810
67779
67765
67765
67756
67740
67712
67707
67697
67696
67692
67679
67661
67654
67650
67647
67647
67625
67623
67620
67610
67606
67594
67587
67587
67580
67556
67556
67544
67543
67537
67526
67523
67517
67516
67501
67492
67461
67452
67440
67427
67411
67401
67401
67398
67393
67365
67361
67330
67318
67316
67310
67305
67304
67304
67302
67302
67300
67299
67297
67285
67285
67281
67280
67279
67278
67277
67276
67253
67243
67242
67232
67221
67209
67199
67150
67137
67137
67131
67119
67112
67104
67099
67085
67076
67065
67033
67018
67011
67001
66992
66980
66974
66965
66960
66953
66933
66924
66917
66905
66890
66867
66866
66863
66851
66808
66797
66796
66789
66768
66755
66754
66736
66720
66716
66715
66711
66703
66697
66685
66663
66659
66648
66645
66642
66642
66633
66612
66591
66588
66574
66551
66548
66544
66539
66504
66478
66453
66452
66435
66426
66419
66375
66350
66349
66345
66337
66317
66310
66289
66288
66281
66268
66259
66254
66253
66248
66246
66240
66229
66226
66208
66207
66204
66187
66180
66178
66178
66173
66154
66145
66145
66116
66111
66109
66075
66068
66067
66064
66053
66043
66027
66010
65996
65977
65974
65966
65964
65960
65957
65956
65943
65918
65916
65900
65897
65885
65876
65861
65858
65848
65841
65835
65818
65808
65796
65793
65793
65786
65759
65744
65730
65730
65728
65715
65707
65686
65686
65680
65674
65665
65664
65646
65641
65637
65637
65633
65623
65612
65589
65584
65568
65543
65542
65540
65539
65529
65519
65506
65491
65478
65445
65445
65424
65421
65407
65394
65388
65371
65356
65349
65347
65344
65336
65331
65324
65323
65322
65267
65252
65241
65217
65212
65200
65192
65189
65163
65154
65152
65150
65135
65133
65117
65117
65090
65090
65075
65074
65068
65063
65061
65050
65047
65041
65028
65011
65001
64995
64992
64987
64980
64959
64935
64929
64922
64921
64900
64887
64840
64835
64833
64831
64830
64814
64806
64795
64792
64791
64776
64775
64770
64760
64758
64757
64755
64743
64739
64738
64729
64726
64724
64715
64664
64664
64658
64648
64636
64630
64612
64608
64603
64591
64580
64579
64573
64565
64527
64523
64522
64522
64518
64495
64485
64479
64474
64473
64463
64444
64418
64408
64402
64399
64395
64391
64378
64378
64374
64373
64371
64367
64351
64295
64291
64286
64280
64276
64267
64263
64253
64247
64232
64231
64223
64191
64188
64185
64184
64163
64160
64159
64149
64142
64141
64138
64135
64130
64116
64114
64104
64102
64097
64088
64082
64081
64074
64072
64065
64061
64056
64040
64038
64032
64021
64019
64018
64013
64012
64011
63993
63961
63958
63942
63934
63929
63910
63889
63876
63870
63863
63863
63842
63838
63834
63832
63821
63821
63812
63811
63806
63797
63797
63781
63765
63758
63754
63750
63729
63723
63678
63661
63628
63619
63617
63603
63596
63592
63590
63564
63554
63554
63552
63551
63550
63546
63544
63541
63538
63526
63516
63510
63507
63504
63489
63486
63475
63457
63434
63423
63423
63416
63374
63356
63354
63344
63344
63344
63339
63290
63280
63264
63261
63257
63234
63224
63195
63195
63185
63179
63177
63176
63163
63160
63156
63155
63151
63144
63141
63134
63131
63126
63122
63106
63103
63100
63090
63082
63070
63067
63065
63065
63059
63052
63051
63048
63001
62981
62978
62976
62974
62962
62952
62947
62936
62914
62912
62912
62904
62883
62879
62875
62867
62863
62840
62833
62817
62810
62804
62801
62799
62784
62778
62762
62754
62749
62737
62733
62723
62717
62708
62698
62672
62659
62653
62642
62637
62614
62610
62608
62602
62601
62596
62576
62564
62550
62547
62534
62522
62522
62517
62515
62505
62492
62483
62483
62465
62446
62442
62441
62438
62437
62433
62430
62430
62411
62407
62396
62383
62371
62365
62362
62351
62338
62329
62312
62293
62291
62289
62286
62274
62270
62245
62243
62209
62209
62181
62171
62166
62156
62128
62114
62092
62077
62074
62066
62056
62054
62045
62037
62037
62002
61999
61998
61987
61978
61974
61969
61968
61960
61943
61930
61928
61911
61898
61862
61852
61838
61822
61808
61796
61790
61790
61789
61763
61761
61756
61755
61753
61746
61735
61722
61709
61706
61695
61682
61682
61681
61669
61661
61655
61642
61617
61606
61596
61594
61590
61584
61579
61567
61557
61555
61520
61517
61507
61498
61486
61471
61454
61429
61425
61419
61417
61406
61401
61397
61392
61383
61380
61380
61378
61347
61342
61338
61336
61325
61319
61306
61293
61280
61279
61278
61275
61269
61267
61244
61240
61238
61235
61217
61203
61191
61181
61177
61141
61140
61134
61130
61116
61112
61104
61100
61098
61088
61077
61074
61056
61054
61050
61035
61023
61022
61010
61000
60999
60997
60991
60976
60971
60967
60958
60949
60940
60938
60915
60913
60866
60862
60856
60855
60826
60822
60821
60811
60808
60805
60798
60794
60776
60770
60761
60761
60737
60726
60726
60725
60712
60708
60705
60697
60696
60694
60679
60676
60672
60658
60650
60638
60628
60625
60622
60616
60609
60592
60590
60577
60567
60567
60562
60558
60556
60551
60548
60534
60490
60487
60478
60475
60474
60451
60438
60425
60419
60350
60344
60322
60319
60308
60294
60288
60283
60261
60254
60250
60248
60241
60229
60222
60219
60211
60210
60193
60190
60154
60150
60138
60100
60086
60085
60064
60061
60055
60044
60035
59993
59986
59978
59967
59959
59885
59884
59833
59824
59802
59794
59793
59791
59787
59779
59764
59752
59746
59743
59739
59721
59721
59716
59710
59709
59704
59700
59692
59678
59677
59635
59635
59634
59627
59626
59624
59614
59592
59589
59583
59576
59575
59567
59549
59546
59535
59534
59520
59507
59489
59486
59484
59484
59455
59454
59449
59398
59361
59356
59348
59316
59311
59310
59305
59278
59267
59263
59258
59233
59233
59216
59199
59172
59153
59149
59141
59135
59132
59113
59100
59091
59088
59059
59057
59053
59049
59043
59040
59027
59022
59020
59007
58998
58990
58980
58964
58952
58927
58922
58907
58883
58880
58875
58869
58868
58857
58856
58844
58841
58838
58827
58817
58808
58806
58793
58770
58760
58751
58744
58729
58728
58712
58700
58690
58683
58681
58679
58678
58677
58677
58671
58666
58665
58659
58653
58640
58614
58605
58598
58592
58590
58570
58567
58563
58551
58545
58543
58536
58514
58505
58501
58490
58489
58471
58461
58445
58443
58433
58424
58406
58381
58377
58374
58371
58368
58368
58361
58361
58343
58339
58332
58329
58329
58312
58285
58267
58265
58262
58241
58236
58201
58196
58176
58166
58157
58150
58140
58135
58130
58110
58109
58106
58087
58087
58079
58062
58057
58032
58013
58007
58005
58001
57994
57976
57961
57951
57949
57937
57933
57928
57925
57920
57914
57912
57900
57882
57877
57863
57847
57836
57824
57824
57820
57806
57792
57784
57776
57762
57752
57730
57714
57707
57707
57701
57695
57664
57651
57645
57631
57620
57616
57605
57582
57568
57567
57563
57555
57554
57550
57547
57540
57529
57522
57505
57498
57464
57457
57455
57447
57431
57431
57422
57415
57389
57383
57363
57336
57325
57323
57320
57319
57319
57292
57273
57245
57225
57222
57220
57220
57193
57185
57165
57152
57148
57117
57115
57078
57061
57061
57058
57035
57032
57010
57002
57000
56989
56983
56979
56965
56962
56950
56947
56946
56945
56944
56934
56932
56922
56918
56889
56884
56842
56841
56820
56789
56784
56782
56773
56715
56711
56704
56694
56689
56688
56682
56678
56676
56675
56663
56662
56661
56658
56653
56597
56593
56586
56575
56559
56550
56518
56517
56505
56504
56503
56502
56494
56492
56486
56477
56458
56455
56454
56452
56404
56403
56396
56390
56384
56370
56360
56347
56343
56298
56298
56296
56290
56287
56269
56269
56259
56259
56245
56244
56187
56182
56174
56170
56167
56163
56150
56134
56126
56126
56114
56094
56062
56061
56057
56040
56034
56007
55990
55990
55988
55987
55985
55982
55976
55943
55938
55911
55911
55887
55872
55856
55853
55848
55843
55840
55835
55835
55831
55827
55815
55810
55807
55784
55768
55762
55759
55759
55752
55740
55729
55721
55719
55695
55682
55677
55662
55639
55636
55622
55619
55588
55583
55582
55580
55568
55563
55561
55513
55502
55501
55491
55483
55475
55431
55421
55417
55417
55413
55407
55403
55401
55397
55393
55389
55387
55379
55364
55353
55350
55344
55331
55320
55320
55308
55277
55277
55272
55267
55266
55241
55226
55194
55186
55136
55084
55079
55069
55066
55066
55064
55049
55048
55047
54988
54978
54973
54972
54964
54955
54951
54945
54943
54931
54914
54900
54897
54887
54882
54870
54866
54864
54841
54827
54822
54816
54812
54782
54781
54780
54777
54765
54765
54756
54740
54732
54727
54718
54715
54689
54650
54648
54629
54620
54609
54595
54579
54572
54572
54571
54554
54529
54506
54501
54492
54485
54471
54454
54447
54438
54432
54424
54422
54404
54403
54401
54397
54395
54386
54375
54372
54368
54356
54355
54346
54343
54334
54312
54258
54258
54234
54228
54221
54218
54209
54195
54185
54167
54167
54163
54156
54154
54148
54140
54115
54112
54095
54075
54070
54068
54061
54059
54053
54051
54050
54031
54026
54025
53994
53979
53971
53971
53971
53962
53956
53955
53952
53945
53942
53940
53935
53927
53919
53910
53897
53888
53868
53868
53856
53837
53829
53824
53818
53810
53801
53791
53781
53775
53764
53763
53748
53745
53728
53724
53723
53707
53696
53691
53687
53676
53670
53670
53638
53634
53633
53626
53621
53597
53566
53547
53540
53511
53503
53470
53469
53466
53462
53445
53445
53432
53429
53428
53426
53425
53423
53423
53420
53419
53411
53392
53370
53309
53290
53281
53278
53269
53234
53225
53180
53176
53129
53111
53101
53082
53069
53067
53047
53041
53021
53017
53013
53012
52990
52987
52987
52981
52980
52968
52936
52906
52899
52891
52887
52883
52873
52845
52839
52834
52833
52831
52823
52820
52798
52792
52785
52768
52752
52749
52748
52715
52706
52705
52698
52685
52685
52665
52655
52638
52625
52622
52620
52538
52531
52517
52481
52477
52463
52462
52459
52424
52406
52404
52401
52400
52377
52369
52350
52347
52334
52304
52279
52269
52266
52237
52172
52117
52116
52104
52091
52090
52088
52086
52029
52029
52020
52004
52000
51986
51982
51977
51971
51956
51945
51945
51939
51939
51933
51931
51928
51921
51898
51897
51882
51850
51848
51841
51824
51807
51797
51774
51756
51752
51750
51742
51738
51733
51728
51724
51708
51687
51678
51647
51631
51624
51616
51609
51604
51593
51590
51581
51566
51550
51548
51541
51506
51505
51504
51501
51501
51482
51479
51476
51439
51434
51433
51431
51427
51408
51404
51402
51395
51390
51349
51343
51317
51314
51299
51298
51295
51293
51284
51265
51259
51257
51253
51221
51175
51174
51163
51159
51146
51138
51135
51121
51121
51120
51113
51106
51094
51089
51073
51065
51064
51059
51057
51030
51029
51025
51019
51018
50995
50992
50976
50974
50964
50957
50955
50946
50935
50928
50926
50926
50916
50890
50871
50867
50864
50861
50838
50835
50823
50823
50817
50812
50799
50788
50780
50774
50764
50726
50724
50714
50705
50704
50678
50664
50662
50653
50650
50648
50641
50634
50633
50616
50605
50597
50572
50567
50563
50563
50550
50548
50545
50541
50535
50508
50499
50498
50496
50478
50477
50470
50451
50444
50440
50408
50401
50379
50377
50340
50331
50320
50316
50312
50305
50303
50292
50289
50274
50268
50265
50261
50231
50221
50221
50208
50193
50186
50172
50170
50166
50162
50162
50158
50145
50137
50120
50112
50107
50096
50094
50093
50082
50076
50070
50068
50065
50062
50057
50038
50035
50024
50021
50016
50014
50012
50000
49978
49975
49971
49963
49952
49948
49948
49933
49910
49909
49901
49896
49888
49887
49886
49880
49851
49844
49841
49833
49820
49820
49817
49815
49791
49790
49788
49763
49757
49752
49752
49751
49750
49747
49736
49732
49726
49723
49722
49720
49709
49706
49694
49688
49688
49684
49680
49672
49671
49660
49656
49651
49646
49630
49626
49620
49618
49613
49603
49601
49593
49583
49581
49566
49548
49540
49533
49518
49499
49498
49496
49480
49451
49449
49448
49447
49443
49423
49423
49422
49401
49399
49397
49353
49347
49340
49340
49333
49318
49307
49295
49287
49277
49273
49263
49261
49258
49251
49237
49230
49228
49216
49215
49211
49203
49194
49190
49187
49155
49154
49150
49123
49123
49115
49092
49080
49077
49076
49075
49070
49051
49045
49019
49000
48992
48984
48978
48966
48961
48958
48955
48907
48906
48906
48906
48900
48898
48893
48892
48888
48880
48875
48874
48873
48867
48855
48850
48849
48847
48845
48842
48839
48833
48822
48812
48805
48795
48795
48779
48773
48770
48757
48750
48741
48739
48715
48713
48704
48696
48693
48640
48640
48635
48633
48631
48627
48613
48602
48596
48592
48578
48577
48564
48556
48544
48543
48529
48526
48524
48474
48471
48461
48418
48415
48401
48398
48396
48394
48379
48372
48360
48359
48359
48358
48356
48335
48330
48315
48300
48298
48284
48277
48267
48256
48254
48248
48227
48223
48216
48206
48190
48170
48165
48151
48119
48115
48105
48104
48083
48083
48074
48073
48066
48063
48059
48054
48011
48002
47985
47985
47966
47964
47953
47928
47918
47918
47909
47904
47888
47877
47839
47835
47829
47811
47784
47755
47749
47747
47740
47736
47732
47726
47712
47712
47702
47695
47678
47651
47646
47642
47629
47605
47600
47581
47579
47556
47549
47542
47532
47521
47506
47497
47491
47487
47484
47483
47472
47462
47461
47459
47456
47449
47439
47431
47422
47417
47396
47385
47378
47340
47330
47329
47312
47311
47291
47290
47276
47274
47260
47257
47249
47247
47231
47219
47219
47206
47200
47185
47185
47183
47137
47087
47080
47075
47072
47007
47006
47005
47004
46992
46983
46975
46968
46961
46956
46955
46949
46928
46918
46914
46911
46885
46866
46856
46845
46844
46837
46809
46808
46806
46773
46757
46755
46750
46749
46746
46737
46737
46724
46708
46689
46688
46688
46661
46652
46647
46625
46622
46606
46589
46557
46549
46538
46536
46533
46526
46510
46508
46506
46481
46476
46476
46472
46470
46465
46440
46438
46436
46430
46426
46407
46404
46393
46393
46385
46381
46371
46368
46345
46336
46334
46333
46332
46329
46312
46310
46310
46286
46259
46254
46249
46237
46212
46196
46191
46168
46153
46145
46109
46104
46103
46101
46098
46095
46094
46087
46081
46070
46053
46053
46051
46025
46011
46005
46005
45995
45980
45978
45973
45971
45969
45946
45928
45916
45913
45902
45898
45876
45874
45873
45867
45848
45799
45795
45778
45772
45765
45743
45736
45731
45719
45718
45713
45694
45684
45667
45660
45640
45632
45628
45618
45607
45605
45589
45554
45534
45528
45527
45527
45503
45500
45496
45486
45459
45459
45427
45420
45414
45395
45382
45367
45353
45349
45349
45341
45330
45329
45315
45310
45303
45298
45293
45277
45262
45255
45239
45212
45208
45204
45202
45201
45197
45186
45166
45155
45151
45143
45138
45131
45124
45115
45114
45113
45096
45089
45076
45069
45066
45056
45041
45024
45020
45016
45015
45010
45007
44997
44986
44983
44977
44968
44957
44956
44954
44946
44922
44906
44900
44894
44873
44864
44857
44821
44801
44782
44780
44709
44702
44694
44691
44683
44666
44662
44633
44604
44593
44573
44571
44568
44566
44547
44543
44537
44530
44529
44521
44520
44519
44518
44508
44506
44501
44501
44488
44484
44481
44473
44470
44455
44442
44441
44440
44435
44433
44430
44424
44415
44408
44404
44381
44375
44366
44353
44352
44350
44348
44333
44323
44295
44291
44291
44281
44259
44251
44243
44225
44210
44209
44208
44163
44132
44110
44098
44086
44070
44046
44044
43954
43946
43941
43940
43934
43930
43925
43922
43920
43910
43906
43904
43896
43887
43879
43870
43847
43836
43835
43820
43803
43793
43783
43759
43752
43747
43708
43668
43653
43647
43645
43640
43638
43630
43627
43614
43612
43609
43604
43579
43566
43563
43562
43493
43447
43444
43443
43414
43413
43399
43398
43397
43395
43394
43394
43392
43380
43375
43374
43373
43359
43352
43345
43333
43312
43301
43297
43296
43291
43276
43270
43263
43261
43259
43259
43243
43239
43239
43232
43201
43187
43186
43186
43180
43176
43167
43165
43150
43137
43128
43103
43068
43056
43031
43026
43017
43011
43008
42999
42994
42987
42984
42984
42984
42983
42973
42965
42959
42958
42952
42943
42940
42937
42933
42929
42928
42915
42896
42896
42887
42885
42883
42881
42878
42872
42866
42838
42830
42827
42805
42795
42791
42770
42763
42754
42720
42719
42715
42700
42670
42660
42657
42656
42653
42649
42647
42640
42626
42586
42575
42543
42521
42517
42502
42491
42484
42475
42468
42451
42445
42445
42436
42410
42409
42408
42398
42369
42365
42357
42350
42350
42333
42331
42329
42326
42306
42303
42288
42285
42279
42278
42259
42255
42249
42237
42234
42223
42204
42179
42158
42155
42151
42147
42120
42119
42097
42087
42076
42054
42046
42019
42006
41994
41978
41976
41971
41967
41966
41951
41931
41920
41908
41904
41901
41898
41894
41873
41858
41846
41838
41825
41824
41815
41812
41812
41782
41780
41780
41767
41765
41763
41758
41756
41754
41749
41740
41732
41723
41722
41688
41684
41682
41681
41667
41662
41636
41630
41627
41626
41609
41600
41591
41590
41584
41580
41573
41572
41572
41568
41547
41545
41543
41540
41529
41495
41490
41488
41471
41464
41458
41442
41436
41428
41424
41395
41384
41359
41355
41355
41328
41325
41314
41310
41303
41291
41284
41253
41252
41252
41247
41239
41229
41211
41191
41185
41170
41168
41157
41157
41154
41143
41142
41136
41136
41133
41124
41117
41113
41101
41101
41096
41067
41060
41059
41049
41042
41041
41031
41022
40967
40967
40963
40961
40951
40951
40941
40933
40926
40918
40909
40904
40901
40897
40883
40876
40870
40868
40854
40834
40830
40826
40821
40807
40788
40785
40767
40756
40743
40736
40728
40722
40721
40707
40686
40685
40654
40642
40635
40608
40602
40590
40580
40575
40574
40546
40530
40523
40518
40510
40489
40486
40444
40440
40425
40414
40399
40377
40369
40352
40324
40317
40316
40297
40295
40289
40288
40275
40268
40262
40250
40246
40245
40226
40216
40213
40213
40211
40199
40190
40185
40172
40170
40152
40136
40112
40109
40102
40102
40071
40066
40042
40034
40031
40021
40011
39991
39990
39989
39971
39966
39959
39947
39942
39934
39927
39913
39888
39886
39881
39876
39841
39823
39821
39786
39778
39774
39768
39766
39760
39749
39740
39739
39739
39701
39696
39695
39683
39677
39673
39664
39657
39645
39639
39629
39625
39611
39598
39596
39580
39571
39567
39566
39550
39543
39538
39528
39525
39519
39516
39510
39496
39489
39486
39482
39468
39467
39465
39461
39445
39417
39416
39413
39402
39399
39397
39382
39370
39368
39351
39338
39326
39316
39311
39277
39272
39271
39270
39270
39265
39265
39265
39263
39249
39241
39221
39199
39192
39191
39180
39177
39172
39167
39156
39152
39116
39112
39097
39093
39092
39084
39081
39074
39068
39064
39061
39056
39050
39046
39046
39040
39039
39034
39025
39024
39018
39004
38993
38983
38980
38969
38956
38953
38936
38906
38901
38898
38894
38892
38884
38862
38860
38845
38830
38821
38812
38802
38800
38788
38785
38763
38761
38759
38758
38758
38747
38716
38700
38687
38672
38666
38661
38660
38645
38638
38632
38625
38607
38603
38569
38549
38532
38530
38504
38500
38457
38442
38437
38432
38423
38418
38415
38401
38392
38387
38385
38384
38376
38359
38357
38354
38347
38345
38336
38325
38277
38263
38260
38258
38256
38255
38250
38245
38243
38235
38230
38198
38183
38176
38174
38151
38149
38134
38132
38128
38117
38084
38083
38061
38035
38019
38015
38004
37989
37988
37945
37939
37922
37917
37911
37902
37902
37901
37890
37883
37881
37876
37876
37875
37856
37855
37828
37816
37814
37812
37810
37793
37784
37781
37772
37771
37765
37749
37748
37741
37739
37728
37728
37728
37727
37723
37716
37713
37701
37698
37694
37690
37658
37650
37646
37645
37634
37622
37617
37606
37600
37589
37580
37579
37571
37541
37532
37514
37492
37482
37471
37469
37437
37422
37421
37411
37408
37402
37397
37358
37353
37351
37335
37326
37313
37294
37284
37281
37274
37262
37261
37256
37244
37227
37215
37153
37146
37129
37118
37114
37090
37084
37083
37082
37067
37062
37046
37025
37024
37002
36997
36996
36986
36978
36978
36962
36953
36950
36948
36947
36940
36933
36926
36883
36881
36871
36866
36862
36856
36855
36852
36839
36828
36813
36806
36759
36754
36749
36749
36748
36735
36724
36723
36712
36703
36697
36675
36674
36669
36653
36651
36630
36627
36616
36607
36599
36592
36571
36567
36560
36551
36533
36524
36520
36520
36504
36502
36419
36412
36411
36404
36398
36367
36362
36345
36337
36332
36301
36299
36283
36283
36263
36248
36243
36233
36229
36228
36223
36221
36220
36212
36209
36207
36185
36179
36159
36151
36148
36128
36122
36121
36121
36117
36112
36103
36100
36098
36097
36094
36089
36067
36060
36029
36022
36020
36009
36002
35997
35994
35962
35951
35941
35939
35938
35927
35912
35897
35894
35889
35879
35876
35864
35857
35841
35797
35770
35769
35761
35759
35734
35692
35690
35678
35662
35661
35650
35640
35633
35629
35605
35582
35575
35574
35573
35555
35540
35517
35514
35494
35470
35469
35459
35455
35454
35444
35438
35435
35426
35421
35411
35409
35403
35403
35392
35370
35352
35347
35309
35305
35303
35300
35288
35286
35260
35252
35221
35219
35207
35176
35170
35160
35157
35152
35135
35134
35128
35128
35111
35110
35068
35068
35066
35066
35053
35052
35052
35043
35039
35031
35026
35017
35015
35005
35001
34992
34981
34973
34969
34958
34951
34946
34942
34916
34889
34882
34880
34867
34851
34849
34844
34809
34803
34787
34756
34750
34747
34726
34718
34688
34688
34664
34659
34655
34646
34645
34641
34639
34638
34610
34597
34583
34572
34540
34537
34524
34506
34499
34491
34491
34485
34483
34476
34462
34451
34449
34439
34427
34408
34408
34405
34359
34358
34335
34325
34318
34311
34296
34293
34281
34243
34232
34209
34186
34174
34168
34155
34135
34134
34131
34107
34085
34073
34070
34067
34062
34020
34006
33991
33984
33979
33976
33972
33971
33965
33955
33944
33943
33936
33934
33920
33920
33918
33918
33915
33911
33889
33875
33864
33858
33843
33839
33827
33814
33801
33799
33789
33782
33763
33752
33749
33738
33731
33728
33726
33703
33702
33701
33697
33695
33694
33647
33646
33642
33635
33615
33608
33606
33592
33566
33565
33545
33540
33538
33530
33475
33457
33454
33452
33449
33445
33444
33444
33437
33435
33434
33431
33430
33427
33412
33404
33396
33362
33345
33340
33340
33326
33324
33309
33294
33293
33280
33280
33262
33262
33248
33244
33243
33243
33233
33221
33206
33203
33192
33192
33141
33139
33132
33130
33130
33124
33120
33115
33112
33105
33063
33052
33043
33041
33035
33030
33029
33014
32996
32971
32968
32962
32955
32929
32918
32918
32914
32862
32848
32824
32800
32794
32777
32766
32761
32759
32756
32742
32728
32719
32718
32717
32714
32713
32700
32700
32687
32685
32670
32641
32636
32606
32603
32601
32594
32588
32581
32573
32563
32527
32517
32514
32503
32499
32492
32483
32471
32405
32396
32380
32369
32363
32327
32315
32314
32291
32273
32272
32270
32266
32255
32253
32240
32228
32215
32186
32171
32163
32145
32144
32140
32128
32118
32106
32069
32069
32060
32042
32031
32008
31974
31974
31964
31959
31959
31957
31957
31949
31925
31924
31908
31901
31886
31881
31879
31878
31865
31852
31847
31830
31830
31820
31819
31814
31788
31785
31784
31774
31768
31766
31764
31759
31732
31719
31717
31710
31710
31698
31679
31678
31672
31661
31645
31642
31641
31639
31637
31636
31631
31625
31621
31597
31584
31564
31546
31531
31524
31524
31511
31505
31480
31473
31471
31470
31455
31452
31430
31430
31394
31386
31370
31369
31364
31351
31348
31340
31329
31326
31325
31325
31324
31322
31317
31315
31309
31306
31305
31302
31302
31301
31288
31277
31261
31260
31246
31242
31233
31227
31214
31209
31208
31188
31181
31170
31161
31159
31151
31149
31114
31113
31110
31087
31084
31064
31029
31028
31025
31019
30998
30984
30982
30968
30953
30952
30951
30947
30918
30918
30916
30910
30883
30877
30868
30844
30837
30827
30804
30787
30785
30751
30729
30725
30714
30708
30697
30665
30634
30631
30627
30613
30597
30597
30593
30586
30584
30564
30554
30554
30543
30535
30518
30501
30498
30486
30478
30477
30477
30470
30463
30451
30444
30443
30435
30409
30405
30402
30399
30383
30381
30379
30372
30360
30339
30337
30336
30333
30319
30299
30293
30290
30286
30273
30273
30271
30268
30267
30257
30257
30249
30237
30233
30230
30207
30200
30197
30189
30182
30156
30156
30119
30116
30113
30113
30111
30110
30109
30088
30088
30071
30065
30058
30046
30045
30029
30028
30007
29991
29976
29969
29967
29956
29951
29924
29917
29913
29904
29891
29885
29884
29883
29877
29875
29870
29845
29839
29833
29828
29792
29786
29785
29776
29750
29737
29728
29724
29723
29714
29708
29705
29704
29689
29671
29643
29638
29635
29604
29596
29570
29565
29557
29539
29527
29518
29515
29513
29511
29508
29491
29480
29473
29465
29461
29459
29448
29446
29443
29419
29418
29400
29372
29359
29356
29353
29325
29319
29319
29318
29312
29312
29293
29291
29246
29239
29233
29226
29208
29207
29205
29193
29189
29188
29167
29149
29115
29115
29095
29090
29074
29069
29064
29056
29040
29039
29039
29025
29025
29017
29010
29008
28991
28948
28932
28924
28917
28916
28905
28890
28883
28881
28859
28812
28785
28763
28755
28754
28753
28735
28726
28723
28717
28717
28706
28700
28698
28692
28667
28658
28654
28649
28637
28637
28637
28609
28596
28587
28582
28567
28566
28541
28540
28524
28517
28514
28512
28512
28505
28502
28492
28489
28486
28474
28465
28463
28458
28456
28454
28446
28437
28437
28431
28410
28361
28361
28354
28347
28345
28332
28329
28327
28320
28306
28296
28287
28245
28245
28239
28239
28222
28218
28214
28175
28163
28155
28148
28126
28126
28112
28094
28091
28090
28075
28067
28058
28038
28037
28009
27991
27980
27974
27972
27970
27946
27945
27943
27936
27935
27919
27910
27896
27893
27885
27874
27873
27868
27866
27860
27855
27850
27848
27841
27831
27817
27806
27777
27773
27770
27768
27765
27753
27744
27737
27726
27716
27716
27716
27714
27708
27706
27704
27696
27685
27668
27659
27657
27643
27639
27618
27604
27597
27592
27592
27585
27584
27576
27575
27566
27556
27534
27529
27516
27510
27505
27503
27493
27493
27490
27489
27487
27485
27463
27463
27461
27455
27407
27391
27384
27375
27358
27348
27346
27336
27334
27326
27322
27320
27310
27301
27293
27292
27290
27287
27277
27273
27270
27263
27237
27225
27202
27188
27185
27182
27168
27152
27143
27139
27120
27119
27101
27091
27084
27081
27080
27076
27074
27045
27043
27034
27032
27021
27020
27015
27012
26997
26996
26994
26991
26989
26965
26945
26926
26924
26915
26899
26898
26891
26891
26891
26882
26882
26873
26870
26855
26845
26831
26828
26827
26821
26808
26803
26796
26788
26787
26772
26771
26770
26759
26757
26756
26746
26745
26739
26735
26731
26718
26710
26699
26698
26681
26670
26664
26659
26650
26644
26640
26607
26606
26599
26592
26592
26586
26584
26584
26566
26542
26537
26536
26527
26518
26507
26504
26501
26498
26490
26485
26477
26476
26470
26462
26461
26447
26435
26435
26400
26393
26386
26369
26345
26327
26311
26283
26260
26238
26219
26218
26213
26203
26198
26183
26181
26165
26141
26114
26107
26102
26096
26088
26077
26064
26053
26047
26044
26039
26038
26035
26032
26029
26011
26010
26009
25978
25970
25969
25967
25962
25953
25936
25934
25891
25882
25877
25876
25869
25848
25839
25829
25827
25825
25825
25824
25822
25820
25814
25792
25769
25731
25722
25712
25698
25694
25694
25674
25674
25633
25624
25622
25616
25614
25601
25593
25588
25587
25583
25577
25559
25556
25551
25541
25532
25511
25504
25474
25466
25462
25449
25431
25424
25400
25368
25353
25343
25341
25328
25301
25301
25284
25274
25263
25256
25250
25247
25241
25240
25233
25230
25206
25202
25197
25194
25191
25189
25181
25175
25161
25158
25152
25149
25128
25127
25078
25076
25068
25061
25060
25053
25039
25036
25028
25011
24987
24983
24941
24936
24925
24921
24916
24909
24893
24892
24876
24874
24870
24863
24862
24858
24849
24849
24848
24848
24840
24810
24790
24781
24764
24759
24746
24742
24739
24737
24734
24727
24722
24715
24713
24699
24694
24692
24667
24662
24650
24648
24596
24593
24590
24589
24572
24569
24546
24539
24536
24535
24528
24525
24521
24519
24490
24475
24469
24464
24460
24451
24444
24435
24415
24403
24387
24385
24385
24370
24357
24347
24343
24342
24336
24330
24320
24308
24294
24288
24279
24279
24267
24263
24263
24250
24236
24231
24186
24175
24174
24164
24161
24141
24134
24117
24103
24101
24095
24088
24088
24083
24081
24074
24069
24067
24052
24045
24036
24033
24020
24017
24010
24004
23997
23996
23959
23955
23935
23931
23928
23909
23896
23879
23870
23869
23860
23858
23838
23836
23807
23760
23735
23729
23720
23718
23718
23714
23690
23654
23626
23607
23587
23579
23574
23568
23549
23536
23531
23509
23509
23507
23496
23484
23460
23434
23434
23428
23415
23409
23393
23393
23382
23375
23371
23350
23347
23322
23305
23293
23264
23264
23246
23228
23221
23213
23202
23195
23193
23185
23144
23140
23130
23129
23124
23099
23088
23085
23085
23079
23066
23031
23008
23002
23001
22998
22985
22969
22966
22962
22949
22942
22940
22927
22918
22917
22898
22862
22846
22842
22841
22832
22822
22810
22809
22800
22796
22793
22789
22772
22756
22746
22728
22720
22714
22712
22704
22697
22693
22690
22689
22687
22687
22663
22658
22639
22634
22616
22597
22594
22573
22567
22559
22554
22538
22532
22528
22514
22508
22501
22476
22456
22447
22430
22410
22409
22397
22391
22390
22369
22367
22344
22333
22332
22306
22300
22282
22277
22243
22237
22235
22235
22224
22203
22195
22148
22121
22099
22094
22090
22083
22071
22052
22042
22032
22018
22015
21988
21979
21967
21953
21938
21921
21919
21915
21905
21899
21892
21872
21852
21850
21846
21841
21829
21809
21807
21796
21794
21794
21774
21759
21756
21748
21747
21746
21744
21732
21721
21702
21689
21688
21682
21669
21639
21626
21553
21526
21519
21512
21490
21482
21479
21468
21433
21432
21409
21408
21405
21381
21374
21369
21367
21364
21325
21303
21299
21262
21256
21240
21210
21207
21195
21183
21175
21168
21163
21158
21158
21143
21098
21098
21074
21069
21044
21041
20991
20972
20971
20948
20944
20941
20941
20915
20909
20907
20900
20862
20840
20824
20822
20822
20822
20801
20800
20784
20778
20777
20772
20768
20746
20734
20722
20703
20697
20696
20690
20617
20588
20571
20567
20553
20547
20540
20533
20532
20525
20522
20505
20478
20464
20449
20421
20388
20383
20364
20357
20347
20340
20336
20325
20322
20303
20297
20244
20242
20239
20218
20206
20197
20186
20179
20159
20158
20129
20128
20101
20099
20097
20097
20079
20061
20057
20049
20036
20030
20022
20018
20012
19983
19973
19971
19970
19966
19965
19964
19964
19959
19952
19931
19927
19922
19916
19907
19890
19878
19878
19833
19828
19814
19793
19788
19787
19785
19783
19766
19765
19757
19748
19743
19711
19686
19683
19672
19668
19656
19641
19636
19628
19625
19621
19608
19591
19582
19568
19559
19553
19527
19525
19510
19474
19468
19461
19452
19433
19424
19423
19422
19400
19399
19390
19384
19368
19363
19350
19344
19337
19330
19325
19314
19307
19306
19294
19278
19278
19275
19265
19265
19248
19231
19212
19206
19201
19199
19199
19195
19189
19183
19175
19162
19157
19128
19124
19113
19109
19097
19088
19059
19059
19054
19045
19028
19025
19013
19007
18982
18980
18980
18979
18976
18953
18952
18947
18924
18919
18905
18900
18859
18852
18852
18851
18844
18840
18823
18807
18804
18791
18782
18776
18773
18765
18758
18746
18721
18718
18694
18687
18678
18665
18655
18654
18642
18627
18612
18591
18586
18572
18571
18569
18565
18526
18509
18506
18489
18487
18485
18477
18473
18466
18453
18448
18437
18430
18422
18386
18384
18366
18364
18349
18301
18295
18291
18290
18277
18267
18264
18258
18225
18219
18216
18214
18212
18190
18182
18180
18179
18177
18164
18144
18138
18135
18124
18116
18099
18097
18094
18076
18070
18068
18066
18064
18050
18045
18031
18008
18005
17972
17945
17930
17907
17903
17901
17889
17880
17876
17873
17870
17863
17856
17849
17791
17778
17769
17744
17742
17737
17732
17731
17730
17727
17721
17719
17706
17698
17691
17691
17685
17673
17664
17660
17652
17639
17617
17611
17597
17591
17586
17577
17573
17555
17552
17546
17539
17538
17533
17531
17511
17495
17488
17481
17476
17475
17466
17461
17448
17441
17440
17440
17437
17426
17425
17411
17400
17398
17393
17393
17384
17380
17369
17353
17335
17328
17313
17311
17302
17300
17300
17288
17270
17249
17240
17235
17226
17214
17202
17181
17147
17143
17128
17114
17092
17088
17057
17046
17037
17036
17015
17012
16987
16978
16971
16963
16959
16955
16951
16941
16933
16925
16923
16914
16907
16900
16899
16894
16882
16875
16864
16864
16862
16859
16859
16853
16828
16822
16804
16803
16803
16802
16798
16784
16774
16743
16735
16725
16723
16715
16692
16687
16686
16678
16656
16644
16643
16633
16633
16630
16619
16601
16583
16572
16556
16554
16545
16543
16535
16531
16521
16521
16501
16497
16488
16475
16470
16469
16444
16440
16434
16428
16427
16420
16409
16403
16393
16383
16377
16377
16368
16356
16355
16345
16337
16328
16316
16312
16294
16292
16283
16251
16246
16242
16240
16238
16236
16227
16206
16205
16195
16180
16177
16171
16131
16120
16118
16105
16104
16104
16102
16058
16054
16018
16013
16010
16008
16000
15994
15987
15982
15971
15932
15929
15923
15911
15899
15898
15860
15851
15848
15845
15843
15837
15821
15810
15799
15790
15731
15730
15730
15726
15725
15716
15707
15693
15692
15682
15681
15678
15667
15647
15644
15632
15630
15608
15573
15566
15556
15548
15544
15529
15526
15517
15514
15510
15507
15503
15495
15480
15457
15446
15445
15434
15426
15413
15400
15388
15378
15376
15362
15355
15354
15346
15343
15337
15335
15314
15309
15300
15290
15282
15262
15258
15252
15242
15229
15220
15214
15203
15191
15186
15172
15167
15164
15164
15131
15125
15116
15113
15096
15076
15065
15043
15019
15002
14995
14990
14974
14959
14945
14927
14923
14921
14920
14917
14907
14901
14863
14862
14849
14830
14819
14811
14806
14804
14801
14800
14798
14795
14790
14773
14765
14764
14736
14730
14708
14699
14685
14683
14656
14643
14641
14622
14610
14606
14602
14588
14565
14557
14553
14524
14521
14516
14514
14505
14446
14442
14441
14430
14416
14385
14356
14353
14338
14335
14327
14320
14311
14284
14265
14255
14252
14246
14241
14231
14223
14222
14222
14206
14195
14170
14167
14162
14161
14151
14147
14140
14123
14110
14110
14057
14016
14010
14008
14006
13997
13995
13981
13979
13974
13970
13968
13959
13957
13936
13928
13927
13927
13923
13923
13913
13877
13866
13861
13848
13830
13815
13799
13798
13792
13776
13770
13762
13753
13733
13700
13678
13668
13657
13652
13651
13650
13619
13607
13574
13570
13555
13540
13504
13501
13499
13498
13485
13484
13484
13469
13462
13457
13436
13423
13386
13350
13337
13329
13312
13309
13307
13301
13296
13294
13293
13290
13283
13282
13259
13249
13243
13224
13221
13219
13218
13213
13200
13180
13178
13178
13174
13168
13161
13158
13155
13152
13152
13131
13128
13110
13110
13107
13105
13093
13082
13081
13079
13048
13044
13023
12997
12994
12993
12991
12991
12984
12972
12969
12962
12954
12953
12942
12926
12903
12878
12876
12865
12862
12857
12854
12850
12841
12824
12816
12804
12794
12793
12761
12753
12748
12735
12674
12674
12672
12670
12656
12637
12626
12604
12602
12598
12592
12586
12578
12573
12559
12554
12544
12531
12530
12519
12502
12495
12491
12483
12481
12463
12455
12452
12428
12420
12387
12381
12380
12373
12334
12320
12319
12317
12314
12310
12300
12294
12288
12278
12264
12256
12237
12233
12194
12157
12142
12141
12132
12122
12117
12114
12075
12049
11999
11989
11980
11945
11927
11917
11907
11906
11898
11897
11885
11882
11856
11839
11830
11811
11804
11800
11797
11783
11780
11776
11775
11770
11742
11735
11735
11726
11721
11717
11712
11682
11673
11665
11664
11655
11643
11633
11632
11623
11621
11620
11613
11612
11599
11589
11566
11556
11552
11548
11546
11543
11538
11537
11535
11533
11523
11501
11478
11463
11460
11449
11438
11412
11407
11401
11393
11388
11372
11358
11358
11354
11354
11353
11352
11343
11340
11331
11325
11316
11305
11303
11275
11269
11257
11255
11253
11250
11239
11218
11218
11205
11202
11202
11145
11136
11136
11131
11105
11098
11097
11094
11082
11073
11061
11042
11037
11021
11002
10992
10988
10968
10954
10943
10940
10932
10924
10922
10918
10913
10901
10876
10857
10847
10844
10838
10821
10814
10810
10806
10795
10789
10730
10718
10708
10685
10682
10668
10652
10645
10644
10637
10633
10627
10626
10618
10613
10612
10575
10567
10565
10564
10559
10553
10536
10534
10512
10511
10509
10507
10494
10461
10458
10457
10445
10444
10417
10409
10401
10378
10373
10363
10342
10341
10324
10322
10309
10303
10296
10275
10226
10218
10212
10199
10198
10187
10180
10173
10168
10168
10149
10140
10136
10094
10093
10078
10055
10050
10048
10033
10033
10030
10029
10026
10013
10007
9976
9950
9925
9921
9912
9908
9907
9906
9899
9887
9877
9877
9874
9851
9850
9843
9821
9793
9792
9784
9769
9759
9748
9723
9722
9716
9707
9705
9700
9694
9681
9652
9623
9620
9593
9581
9577
9574
9572
9558
9558
9545
9544
9522
9521
9487
9483
9474
9474
9464
9443
9443
9434
9434
9433
9426
9425
9423
9415
9388
9387
9377
9371
9365
9357
9356
9355
9353
9351
9336
9328
9316
9312
9289
9273
9273
9272
9270
9262
9259
9252
9252
9245
9240
9232
9229
9218
9214
9201
9188
9166
9163
9152
9138
9122
9103
9097
9087
9077
9068
9035
9015
9002
8999
8982
8963
8961
8948
8946
8940
8937
8922
8915
8914
8911
8910
8901
8898
8894
8893
8890
8884
8879
8858
8857
8857
8854
8851
8836
8836
8833
8777
8755
8748
8747
8741
8732
8722
8715
8715
8698
8689
8688
8687
8686
8684
8682
8669
8653
8643
8633
8633
8626
8608
8596
8592
8588
8569
8564
8562
8560
8542
8524
8509
8491
8483
8472
8459
8452
8442
8439
8436
8411
8404
8404
8403
8393
8393
8380
8343
8334
8316
8289
8261
8252
8251
8244
8243
8238
8238
8232
8219
8213
8212
8208
8202
8175
8158
8156
8113
8103
8088
8085
8074
8055
8037
8035
8031
8021
8017
8006
7996
7985
7979
7963
7960
7955
7950
7949
7933
7924
7922
7921
7908
7897
7893
7882
7877
7877
7871
7851
7844
7843
7838
7836
7812
7789
7777
7758
7747
7730
7727
7721
7699
7696
7691
7654
7651
7638
7633
7626
7620
7614
7596
7583
7574
7566
7565
7552
7551
7509
7505
7502
7489
7486
7485
7481
7481
7451
7442
7426
7412
7408
7407
7382
7380
7374
7372
7370
7333
7330
7323
7319
7315
7310
7302
7291
7289
7281
7266
7217
7216
7210
7188
7185
7183
7180
7175
7173
7165
7159
7137
7109
7098
7078
7076
7074
7069
7057
7053
7044
7044
7004
6995
6990
6987
6985
6982
6973
6930
6917
6910
6901
6898
6884
6884
6875
6852
6851
6844
6838
6835
6835
6833
6822
6821
6820
6819
6814
6811
6803
6803
6786
6773
6746
6742
6728
6702
6696
6690
6664
6661
6650
6641
6640
6632
6614
6603
6597
6597
6573
6547
6545
6541
6541
6535
6526
6525
6501
6492
6480
6463
6461
6456
6456
6450
6447
6439
6436
6421
6421
6420
6416
6407
6368
6348
6342
6341
6327
6322
6321
6284
6269
6261
6258
6254
6241
6212
6199
6192
6173
6147
6145
6145
6133
6128
6120
6114
6113
6107
6097
6096
6089
6087
6081
6078
6066
6063
6062
6056
6031
6026
6025
5953
5951
5951
5941
5935
5925
5920
5910
5910
5878
5877
5877
5872
5860
5858
5852
5848
5846
5836
5830
5824
5823
5818
5813
5802
5786
5786
5782
5771
5766
5759
5745
5742
5728
5725
5713
5668
5641
5636
5625
5611
5604
5596
5591
5575
5574
5542
5508
5456
5419
5400
5400
5397
5396
5395
5378
5373
5363
5357
5323
5295
5292
5285
5273
5271
5268
5231
5231
5214
5210
5207
5191
5181
5181
5180
5160
5149
5133
5121
5105
5103
5100
5095
5081
5075
5069
5057
5046
5045
5044
5043
5004
4989
4989
4986
4980
4978
4976
4973
4962
4961
4929
4924
4919
4900
4898
4897
4880
4871
4865
4863
4859
4858
4855
4848
4823
4821
4818
4805
4798
4794
4783
4781
4778
4778
4769
4756
4718
4712
4672
4670
4645
4644
4639
4627
4619
4617
4615
4614
4613
4612
4591
4586
4583
4580
4572
4561
4496
4487
4481
4432
4431
4430
4426
4415
4410
4402
4399
4399
4392
4384
4377
4372
4368
4367
4345
4307
4283
4269
4260
4251
4233
4230
4203
4203
4200
4193
4173
4169
4144
4137
4132
4129
4119
4107
4076
4075
4075
4070
4063
4058
4046
4046
4034
4009
4000
3998
3990
3978
3975
3953
3920
3917
3909
3905
3884
3876
3869
3866
3855
3850
3844
3830
3820
3802
3793
3790
3779
3738
3723
3722
3715
3712
3703
3688
3685
3682
3675
3669
3645
3644
3643
3639
3623
3619
3617
3616
3613
3612
3609
3597
3589
3582
3580
3571
3547
3515
3510
3499
3492
3488
3476
3454
3440
3434
3432
3427
3404
3400
3398
3364
3361
3349
3345
3342
3318
3305
3302
3288
3283
3270
3263
3261
3258
3232
3229
3215
3209
3208
3197
3192
3187
3159
3148
3143
3141
3131
3101
3086
3084
3082
3080
3059
3057
3053
3052
3045
3043
3036
3010
3010
2987
2983
2979
2978
2957
2955
2954
2944
2910
2890
2871
2845
2834
2834
2794
2782
2781
2776
2773
2763
2759
2746
2734
2731
2691
2675
2640
2580
2577
2574
2561
2544
2524
2523
2518
2517
2507
2501
2499
2493
2470
2465
2465
2456
2450
2439
2420
2395
2386
2385
2368
2358
2352
2348
2347
2341
2332
2323
2314
2313
2308
2304
2302
2296
2294
2282
2273
2258
2240
2238
2235
2230
2220
2216
2211
2201
2180
2144
2129
2092
2078
2078
2072
2069
2065
2060
2057
2054
2050
2049
2044
2040
2038
2037
2026
1938
1901
1896
1887
1876
1871
1869
1868
1853
1851
1837
1822
1807
1780
1772
1771
1759
1737
1715
1710
1706
1696
1693
1688
1680
1658
1646
1628
1617
1610
1595
1585
1573
1561
1525
1505
1471
1469
1456
1455
1448
1447
1435
1429
1427
1426
1422
1419
1415
1414
1396
1385
1382
1382
1368
1354
1348
1329
1328
1322
1321
1310
1305
1294
1285
1270
1240
1233
1220
1195
1195
1194
1188
1175
1173
1171
1159
1149
1142
1100
1096
1083
1080
1060
1050
1033
1033
1032
1032
1029
1026
1024
1014
1012
1000
996
985
985
968
962
960
947
942
935
929
926
925
907
893
883
879
868
864
862
861
847
826
823
808
794
781
763
753
735
724
720
716
714
706
703
696
695
680
674
666
660
657
657
652
646
622
617
592
579
572
531
522
521
512
495
482
474
466
450
430
414
395
395
395
394
387
385
382
367
358
351
336
314
307
299
291
263
219
214
208
201
185
180
177
163
158
149
147
138
133
112
110
105
93
92
86
84
82
54
